y [0,*,*]
:      0        1        2      3     4        5        6        7        8  :=
0    0        0        0        0   0        0        0        0        0
1    0        0        0        0   0        0        0        0        0
2    0        0        0        0   0        0        0        0        0
3    0        0        0        0   0        0        0        0        0
4    0        0        0        0   0        0        0        0        0
5    0        0        0        0   0        0        0        0        0.0476
6    0        0        0        0   0        0        0        0.0476   0
7    0        0        0        0   0        0        0.0476   0        0
8    0        0        0        0   0        0.0476   0        0        0
9    0        0        0        0   0.0476   0        0        0        0
10   0        0        0        0   0.0476   0        0        0        0
11   0        0        0.0476   0   0        0        0        0        0
12   0        0.0476   0        0   0        0        0        0        0
13   0        0.0476   0        0   0        0        0        0        0
14   0.0476   0        0        0   0        0        0        0        0
15   0.0476   0        0        0   0        0        0        0        0
16   0.0476   0        0        0   0        0        0        0        0
17   0.0476   0        0        0   0        0        0        0        0
18   0.0476   0        0        0   0        0        0        0        0
19   0.0476   0        0        0   0        0        0        0        0
20   0.0476   0        0        0   0        0        0        0        0

:      9        10       11       12       13    14  15  16  17  18  19  20  :=
0    0        0        0        0        0.0476   0   0   0   0   0   0   0
1    0        0        0        0.0476   0        0   0   0   0   0   0   0
2    0        0        0.0476   0        0        0   0   0   0   0   0   0
3    0        0.0476   0        0        0        0   0   0   0   0   0   0
4    0.0476   0        0        0        0        0   0   0   0   0   0   0
5    0        0        0        0        0        0   0   0   0   0   0   0
6    0        0        0        0        0        0   0   0   0   0   0   0
7    0        0        0        0        0        0   0   0   0   0   0   0
8    0        0        0        0        0        0   0   0   0   0   0   0
9    0        0        0        0        0        0   0   0   0   0   0   0
10   0        0        0        0        0        0   0   0   0   0   0   0
11   0        0        0        0        0        0   0   0   0   0   0   0
12   0        0        0        0        0        0   0   0   0   0   0   0
13   0        0        0        0        0        0   0   0   0   0   0   0
14   0        0        0        0        0        0   0   0   0   0   0   0
15   0        0        0        0        0        0   0   0   0   0   0   0
16   0        0        0        0        0        0   0   0   0   0   0   0
17   0        0        0        0        0        0   0   0   0   0   0   0
18   0        0        0        0        0        0   0   0   0   0   0   0
19   0        0        0        0        0        0   0   0   0   0   0   0
20   0        0        0        0        0        0   0   0   0   0   0   0

 [1,*,*]
:        0          1        2      3     4      5     6        7        8   :=
0    0            0        0        0   0        0   0        0        0
1    0            0        0        0   0        0   0        0        0
2    0            0        0        0   0        0   0        0        0
3    0            0        0        0   0        0   0        0        0
4    0            0        0        0   0        0   0        0        0
5    0            0        0        0   0        0   0        0        0
6    0            0        0        0   0        0   0        0        0.0476
7    0            0        0        0   0        0   0        0.0476   0
8    0            0        0        0   0        0   0.0476   0        0
9    0            0        0        0   0.0476   0   0        0        0
10   0            0        0        0   0.0476   0   0        0        0
11   0            0        0.0476   0   0        0   0        0        0
12   0            0.0476   0        0   0        0   0        0        0
13   0            0.0476   0        0   0        0   0        0        0
14   0.0204       0        0        0   0        0   0        0        0
15   0.0136       0        0        0   0        0   0        0        0
16   0.0113333    0        0        0   0        0   0        0        0
17   0.00906667   0        0        0   0        0   0        0        0
18   0.0068       0        0        0   0        0   0        0        0
19   0.00453333   0        0        0   0        0   0        0        0
20   0.00226667   0        0        0   0        0   0        0        0

:      9        10    11     12    13     14    15  16  17  18  19  20    :=
0    0        0        0   0        0   0.3128   0   0   0   0   0   0
1    0        0        0   0.0476   0   0        0   0   0   0   0   0
2    0        0        0   0.0476   0   0        0   0   0   0   0   0
3    0        0.0476   0   0        0   0        0   0   0   0   0   0
4    0        0.0476   0   0        0   0        0   0   0   0   0   0
5    0.0476   0        0   0        0   0        0   0   0   0   0   0
6    0        0        0   0        0   0        0   0   0   0   0   0
7    0        0        0   0        0   0        0   0   0   0   0   0
8    0        0        0   0        0   0        0   0   0   0   0   0
9    0        0        0   0        0   0        0   0   0   0   0   0
10   0        0        0   0        0   0        0   0   0   0   0   0
11   0        0        0   0        0   0        0   0   0   0   0   0
12   0        0        0   0        0   0        0   0   0   0   0   0
13   0        0        0   0        0   0        0   0   0   0   0   0
14   0        0        0   0        0   0        0   0   0   0   0   0
15   0        0        0   0        0   0        0   0   0   0   0   0
16   0        0        0   0        0   0        0   0   0   0   0   0
17   0        0        0   0        0   0        0   0   0   0   0   0
18   0        0        0   0        0   0        0   0   0   0   0   0
19   0        0        0   0        0   0        0   0   0   0   0   0
20   0        0        0   0        0   0        0   0   0   0   0   0

 [2,*,*]
:         0          1      2     3      4     5        6      7     8      9 :=
0    0             0        0   0        0   0        0        0   0        0
1    0             0        0   0        0   0        0        0   0        0
2    0             0        0   0        0   0        0        0   0        0
3    0             0        0   0        0   0        0        0   0        0
4    0             0        0   0        0   0        0        0   0        0
5    0             0        0   0        0   0        0        0   0.0476   0
6    0             0        0   0        0   0        0        0   0.0476   0
7    0             0        0   0        0   0        0.0476   0   0        0
8    0             0        0   0        0   0.0476   0        0   0        0
9    0             0        0   0        0   0.0476   0        0   0        0
10   0             0        0   0.0476   0   0        0        0   0        0
11   0             0        0   0.0476   0   0        0        0   0        0
12   0             0.0476   0   0        0   0        0        0   0        0
13   0.0476        0        0   0        0   0        0        0   0        0
14   0.0362667     0        0   0        0   0        0        0   0        0
15   0.00226667    0        0   0        0   0        0        0   0        0
16   0.00161905    0        0   0        0   0        0        0   0        0
17   0.00107937    0        0   0        0   0        0        0   0        0
18   0.000647619   0        0   0        0   0        0        0   0        0
19   0.00032381    0        0   0        0   0        0        0   0        0
20   0.000107937   0        0   0        0   0        0        0   0        0

:      10       11    12     13        14     15  16  17  18  19  20    :=
0    0        0        0   0        0.338489   0   0   0   0   0   0
1    0        0        0   0.0476   0          0   0   0   0   0   0
2    0        0.0476   0   0        0          0   0   0   0   0   0
3    0        0.0476   0   0        0          0   0   0   0   0   0
4    0.0476   0        0   0        0          0   0   0   0   0   0
5    0        0        0   0        0          0   0   0   0   0   0
6    0        0        0   0        0          0   0   0   0   0   0
7    0        0        0   0        0          0   0   0   0   0   0
8    0        0        0   0        0          0   0   0   0   0   0
9    0        0        0   0        0          0   0   0   0   0   0
10   0        0        0   0        0          0   0   0   0   0   0
11   0        0        0   0        0          0   0   0   0   0   0
12   0        0        0   0        0          0   0   0   0   0   0
13   0        0        0   0        0          0   0   0   0   0   0
14   0        0        0   0        0          0   0   0   0   0   0
15   0        0        0   0        0          0   0   0   0   0   0
16   0        0        0   0        0          0   0   0   0   0   0
17   0        0        0   0        0          0   0   0   0   0   0
18   0        0        0   0        0          0   0   0   0   0   0
19   0        0        0   0        0          0   0   0   0   0   0
20   0        0        0   0        0          0   0   0   0   0   0

 [3,*,*]
:         0          1        2        3        4        5        6      7   :=
0    0             0        0        0        0        0        0        0
1    0             0        0        0        0        0        0        0
2    0             0        0        0        0        0        0        0
3    0             0        0        0        0        0        0        0
4    0             0        0        0        0        0        0        0
5    0             0        0        0        0        0        0        0
6    0             0        0        0        0        0        0        0
7    0             0        0        0        0        0        0.0476   0
8    0             0        0        0        0        0.0476   0        0
9    0             0        0        0        0.0476   0        0        0
10   0             0        0        0.0476   0        0        0        0
11   0             0        0.0476   0        0        0        0        0
12   0             0.0476   0        0        0        0        0        0
13   0.0476        0        0        0        0        0        0        0
14   0.0317333     0        0        0        0        0        0        0
15   0.000287831   0        0        0        0        0        0        0
16   0.000179894   0        0        0        0        0        0        0
17   0.000102797   0        0        0        0        0        0        0
18   5.13983e-05   0        0        0        0        0        0        0
19   2.05593e-05   0        0        0        0        0        0        0
20   5.13983e-06   0        0        0        0        0        0        0

:      8        9        10       11       12        13     14  15  16  17  18 :=
0    0        0        0        0        0        0.348419   0   0   0   0   0
1    0        0        0        0        0.0476   0          0   0   0   0   0
2    0        0        0        0.0476   0        0          0   0   0   0   0
3    0        0        0.0476   0        0        0          0   0   0   0   0
4    0        0.0476   0        0        0        0          0   0   0   0   0
5    0        0.0476   0        0        0        0          0   0   0   0   0
6    0.0476   0        0        0        0        0          0   0   0   0   0
7    0        0        0        0        0        0          0   0   0   0   0
8    0        0        0        0        0        0          0   0   0   0   0
9    0        0        0        0        0        0          0   0   0   0   0
10   0        0        0        0        0        0          0   0   0   0   0
11   0        0        0        0        0        0          0   0   0   0   0
12   0        0        0        0        0        0          0   0   0   0   0
13   0        0        0        0        0        0          0   0   0   0   0
14   0        0        0        0        0        0          0   0   0   0   0
15   0        0        0        0        0        0          0   0   0   0   0
16   0        0        0        0        0        0          0   0   0   0   0
17   0        0        0        0        0        0          0   0   0   0   0
18   0        0        0        0        0        0          0   0   0   0   0
19   0        0        0        0        0        0          0   0   0   0   0
20   0        0        0        0        0        0          0   0   0   0   0

:   19  20    :=
0    0   0
1    0   0
2    0   0
3    0   0
4    0   0
5    0   0
6    0   0
7    0   0
8    0   0
9    0   0
10   0   0
11   0   0
12   0   0
13   0   0
14   0   0
15   0   0
16   0   0
17   0   0
18   0   0
19   0   0
20   0   0

 [4,*,*]
:         0          1        2        3        4        5        6      7   :=
0    0             0        0        0        0        0        0        0
1    0             0        0        0        0        0        0        0
2    0             0        0        0        0        0        0        0
3    0             0        0        0        0        0        0        0
4    0             0        0        0        0        0        0        0
5    0             0        0        0        0        0        0        0
6    0             0        0        0        0        0        0        0
7    0             0        0        0        0        0        0.0476   0
8    0             0        0        0        0        0        0.0476   0
9    0             0        0        0        0        0.0476   0        0
10   0             0        0        0        0.0476   0        0        0
11   0             0        0        0.0476   0        0        0        0
12   0             0        0.0476   0        0        0        0        0
13   0             0.0476   0        0        0        0        0        0
14   0.00607528    0        0        0        0        0        0        0
15   3.0839e-05    0        0        0        0        0        0        0
16   1.71328e-05   0        0        0        0        0        0        0
17   8.56639e-06   0        0        0        0        0        0        0
18   3.67131e-06   0        0        0        0        0        0        0
19   1.22377e-06   0        0        0        0        0        0        0
20   2.44754e-07   0        0        0        0        0        0        0

:      8        9        10    11     12    13      14     15  16  17  18  19 :=
0    0        0        0        0   0        0   0.374663   0   0   0   0   0
1    0        0        0        0   0.0476   0   0          0   0   0   0   0
2    0        0        0        0   0.0476   0   0          0   0   0   0   0
3    0        0        0.0476   0   0        0   0          0   0   0   0   0
4    0        0.0476   0        0   0        0   0          0   0   0   0   0
5    0        0.0476   0        0   0        0   0          0   0   0   0   0
6    0.0476   0        0        0   0        0   0          0   0   0   0   0
7    0        0        0        0   0        0   0          0   0   0   0   0
8    0        0        0        0   0        0   0          0   0   0   0   0
9    0        0        0        0   0        0   0          0   0   0   0   0
10   0        0        0        0   0        0   0          0   0   0   0   0
11   0        0        0        0   0        0   0          0   0   0   0   0
12   0        0        0        0   0        0   0          0   0   0   0   0
13   0        0        0        0   0        0   0          0   0   0   0   0
14   0        0        0        0   0        0   0          0   0   0   0   0
15   0        0        0        0   0        0   0          0   0   0   0   0
16   0        0        0        0   0        0   0          0   0   0   0   0
17   0        0        0        0   0        0   0          0   0   0   0   0
18   0        0        0        0   0        0   0          0   0   0   0   0
19   0        0        0        0   0        0   0          0   0   0   0   0
20   0        0        0        0   0        0   0          0   0   0   0   0

:   20    :=
0    0
1    0
2    0
3    0
4    0
5    0
6    0
7    0
8    0
9    0
10   0
11   0
12   0
13   0
14   0
15   0
16   0
17   0
18   0
19   0
20   0

 [5,*,*]
:         0        1     2        3        4        5        6        7      :=
0    0             0   0        0        0        0        0        0
1    0             0   0        0        0        0        0        0
2    0             0   0        0        0        0        0        0
3    0             0   0        0        0        0        0        0
4    0             0   0        0        0        0        0        0
5    0             0   0        0        0        0        0        0
6    0             0   0        0        0        0        0        0
7    0             0   0        0        0        0        0        0.0476
8    0             0   0        0        0        0        0.0476   0
9    0             0   0        0        0        0.0476   0        0
10   0             0   0        0        0.0476   0        0        0
11   0             0   0        0.0476   0        0        0        0
12   0             0   0.0476   0        0        0        0        0
13   0.0476        0   0        0        0        0        0        0
14   0.0385333     0   0        0        0        0        0        0
15   2.93705e-06   0   0        0        0        0        0        0
16   1.46852e-06   0   0        0        0        0        0        0
17   6.52677e-07   0   0        0        0        0        0        0
18   2.44754e-07   0   0        0        0        0        0        0
19   6.99297e-08   0   0        0        0        0        0        0
20   1.1655e-08    0   0        0        0        0        0        0

:      8        9        10       11       12       13        14     15  16  17 :=
0    0        0        0        0        0        0        0.342261   0   0   0
1    0        0        0        0        0        0.0476   0          0   0   0
2    0        0        0        0        0.0476   0        0          0   0   0
3    0        0        0        0.0476   0        0        0          0   0   0
4    0        0        0.0476   0        0        0        0          0   0   0
5    0        0.0476   0        0        0        0        0          0   0   0
6    0.0476   0        0        0        0        0        0          0   0   0
7    0        0        0        0        0        0        0          0   0   0
8    0        0        0        0        0        0        0          0   0   0
9    0        0        0        0        0        0        0          0   0   0
10   0        0        0        0        0        0        0          0   0   0
11   0        0        0        0        0        0        0          0   0   0
12   0        0        0        0        0        0        0          0   0   0
13   0        0        0        0        0        0        0          0   0   0
14   0        0        0        0        0        0        0          0   0   0
15   0        0        0        0        0        0        0          0   0   0
16   0        0        0        0        0        0        0          0   0   0
17   0        0        0        0        0        0        0          0   0   0
18   0        0        0        0        0        0        0          0   0   0
19   0        0        0        0        0        0        0          0   0   0
20   0        0        0        0        0        0        0          0   0   0

:   18  19  20    :=
0    0   0   0
1    0   0   0
2    0   0   0
3    0   0   0
4    0   0   0
5    0   0   0
6    0   0   0
7    0   0   0
8    0   0   0
9    0   0   0
10   0   0   0
11   0   0   0
12   0   0   0
13   0   0   0
14   0   0   0
15   0   0   0
16   0   0   0
17   0   0   0
18   0   0   0
19   0   0   0
20   0   0   0

 [6,*,*]
:         0          1      2     3        4        5        6        7      :=
0    0             0        0   0        0        0        0        0
1    0             0        0   0        0        0        0        0
2    0             0        0   0        0        0        0        0
3    0             0        0   0        0        0        0        0
4    0             0        0   0        0        0        0        0
5    0             0        0   0        0        0        0        0
6    0             0        0   0        0        0        0        0
7    0             0        0   0        0        0        0        0.0476
8    0             0        0   0        0        0        0.0476   0
9    0             0        0   0        0        0.0476   0        0
10   0             0        0   0        0.0476   0        0        0
11   0             0        0   0.0476   0        0        0        0
12   0             0.0476   0   0        0        0        0        0
13   0             0.0476   0   0        0        0        0        0
14   0.0453333     0        0   0        0        0        0        0
15   2.56409e-07   0        0   0        0        0        0        0
16   1.1655e-07    0        0   0        0        0        0        0
17   4.66198e-08   0        0   0        0        0        0        0
18   1.55399e-08   0        0   0        0        0        0        0
19   3.88498e-09   0        0   0        0        0        0        0
20   5.54998e-10   0        0   0        0        0        0        0

:      8        9        10       11    12      13     14  15  16  17  18  19 :=
0    0        0        0        0        0   0.335466   0   0   0   0   0   0
1    0        0        0        0        0   0.0476     0   0   0   0   0   0
2    0        0        0        0.0476   0   0          0   0   0   0   0   0
3    0        0        0        0.0476   0   0          0   0   0   0   0   0
4    0        0        0.0476   0        0   0          0   0   0   0   0   0
5    0        0.0476   0        0        0   0          0   0   0   0   0   0
6    0.0476   0        0        0        0   0          0   0   0   0   0   0
7    0        0        0        0        0   0          0   0   0   0   0   0
8    0        0        0        0        0   0          0   0   0   0   0   0
9    0        0        0        0        0   0          0   0   0   0   0   0
10   0        0        0        0        0   0          0   0   0   0   0   0
11   0        0        0        0        0   0          0   0   0   0   0   0
12   0        0        0        0        0   0          0   0   0   0   0   0
13   0        0        0        0        0   0          0   0   0   0   0   0
14   0        0        0        0        0   0          0   0   0   0   0   0
15   0        0        0        0        0   0          0   0   0   0   0   0
16   0        0        0        0        0   0          0   0   0   0   0   0
17   0        0        0        0        0   0          0   0   0   0   0   0
18   0        0        0        0        0   0          0   0   0   0   0   0
19   0        0        0        0        0   0          0   0   0   0   0   0
20   0        0        0        0        0   0          0   0   0   0   0   0

:   20    :=
0    0
1    0
2    0
3    0
4    0
5    0
6    0
7    0
8    0
9    0
10   0
11   0
12   0
13   0
14   0
15   0
16   0
17   0
18   0
19   0
20   0

 [7,*,*]
:         0          1        2        3        4        5        6        7 :=
0    0             0        0        0        0        0        0        0
1    0             0        0        0        0        0        0        0
2    0             0        0        0        0        0        0        0
3    0             0        0        0        0        0        0        0
4    0             0        0        0        0        0        0        0
5    0             0        0        0        0        0        0        0
6    0             0        0        0        0        0        0        0.0476
7    0             0        0        0        0        0        0.0476   0
8    0             0        0        0        0        0.0476   0        0
9    0             0        0        0        0.0476   0        0        0
10   0             0        0        0.0476   0        0        0        0
11   0             0        0.0476   0        0        0        0        0
12   0             0.0476   0        0        0        0        0        0
13   0.0476        0        0        0        0        0        0        0
14   0.0270921     0        0        0        0        0        0        0
15   2.09313e-08   0        0        0        0        0        0        0
16   8.72139e-09   0        0        0        0        0        0        0
17   3.17142e-09   0        0        0        0        0        0        0
18   9.51425e-10   0        0        0        0        0        0        0
19   2.11428e-10   0        0        0        0        0        0        0
20   2.64285e-11   0        0        0        0        0        0        0

:    8     9     10     11       12        13     14  15  16  17  18  19  20 :=
0    0   0        0   0        0        0.353708   0   0   0   0   0   0   0
1    0   0        0   0        0.0476   0          0   0   0   0   0   0   0
2    0   0        0   0.0476   0        0          0   0   0   0   0   0   0
3    0   0        0   0.0476   0        0          0   0   0   0   0   0   0
4    0   0.0476   0   0        0        0          0   0   0   0   0   0   0
5    0   0.0476   0   0        0        0          0   0   0   0   0   0   0
6    0   0        0   0        0        0          0   0   0   0   0   0   0
7    0   0        0   0        0        0          0   0   0   0   0   0   0
8    0   0        0   0        0        0          0   0   0   0   0   0   0
9    0   0        0   0        0        0          0   0   0   0   0   0   0
10   0   0        0   0        0        0          0   0   0   0   0   0   0
11   0   0        0   0        0        0          0   0   0   0   0   0   0
12   0   0        0   0        0        0          0   0   0   0   0   0   0
13   0   0        0   0        0        0          0   0   0   0   0   0   0
14   0   0        0   0        0        0          0   0   0   0   0   0   0
15   0   0        0   0        0        0          0   0   0   0   0   0   0
16   0   0        0   0        0        0          0   0   0   0   0   0   0
17   0   0        0   0        0        0          0   0   0   0   0   0   0
18   0   0        0   0        0        0          0   0   0   0   0   0   0
19   0   0        0   0        0        0          0   0   0   0   0   0   0
20   0   0        0   0        0        0          0   0   0   0   0   0   0

 [8,*,*]
:         0        1     2        3        4      5     6        7        8  :=
0    0             0   0        0        0        0   0        0        0
1    0             0   0        0        0        0   0        0        0
2    0             0   0        0        0        0   0        0        0
3    0             0   0        0        0        0   0        0        0
4    0             0   0        0        0        0   0        0        0
5    0             0   0        0        0        0   0        0        0.0476
6    0             0   0        0        0        0   0        0.0476   0
7    0             0   0        0        0        0   0        0.0476   0
8    0             0   0        0        0        0   0.0476   0        0
9    0             0   0        0        0.0476   0   0        0        0
10   0             0   0        0.0476   0        0   0        0        0
11   0             0   0        0.0476   0        0   0        0        0
12   0             0   0.0476   0        0        0   0        0        0
13   0.0476        0   0        0        0        0   0        0        0
14   0.00582343    0   0        0        0        0   0        0        0
15   1.61969e-09   0   0        0        0        0   0        0        0
16   6.22957e-10   0   0        0        0        0   0        0        0
17   2.07652e-10   0   0        0        0        0   0        0        0
18   5.66324e-11   0   0        0        0        0   0        0        0
19   1.13265e-11   0   0        0        0        0   0        0        0
20   1.2585e-12    0   0        0        0        0   0        0        0

:      9     10     11       12        13     14  15  16  17  18  19  20    :=
0    0        0   0        0        0.374977   0   0   0   0   0   0   0
1    0        0   0        0.0476   0          0   0   0   0   0   0   0
2    0        0   0        0.0476   0          0   0   0   0   0   0   0
3    0        0   0.0476   0        0          0   0   0   0   0   0   0
4    0.0476   0   0        0        0          0   0   0   0   0   0   0
5    0        0   0        0        0          0   0   0   0   0   0   0
6    0        0   0        0        0          0   0   0   0   0   0   0
7    0        0   0        0        0          0   0   0   0   0   0   0
8    0        0   0        0        0          0   0   0   0   0   0   0
9    0        0   0        0        0          0   0   0   0   0   0   0
10   0        0   0        0        0          0   0   0   0   0   0   0
11   0        0   0        0        0          0   0   0   0   0   0   0
12   0        0   0        0        0          0   0   0   0   0   0   0
13   0        0   0        0        0          0   0   0   0   0   0   0
14   0        0   0        0        0          0   0   0   0   0   0   0
15   0        0   0        0        0          0   0   0   0   0   0   0
16   0        0   0        0        0          0   0   0   0   0   0   0
17   0        0   0        0        0          0   0   0   0   0   0   0
18   0        0   0        0        0          0   0   0   0   0   0   0
19   0        0   0        0        0          0   0   0   0   0   0   0
20   0        0   0        0        0          0   0   0   0   0   0   0

 [9,*,*]
:         0        1     2        3      4     5      6     7      8     9   :=
0    0             0   0        0        0   0        0   0        0   0
1    0             0   0        0        0   0        0   0        0   0
2    0             0   0        0        0   0        0   0        0   0
3    0             0   0        0        0   0        0   0        0   0
4    0             0   0        0        0   0        0   0        0   0.0476
5    0             0   0        0        0   0        0   0        0   0.0476
6    0             0   0        0        0   0        0   0.0476   0   0
7    0             0   0        0        0   0        0   0.0476   0   0
8    0             0   0        0        0   0.0476   0   0        0   0
9    0             0   0        0        0   0.0476   0   0        0   0
10   0             0   0        0.0476   0   0        0   0        0   0
11   0             0   0        0.0476   0   0        0   0        0   0
12   0             0   0.0476   0        0   0        0   0        0   0
13   0.0476        0   0        0        0   0        0   0        0   0
14   0.0138773     0   0        0        0   0        0   0        0   0
15   1.19977e-10   0   0        0        0   0        0   0        0   0
16   4.28489e-11   0   0        0        0   0        0   0        0   0
17   1.31843e-11   0   0        0        0   0        0   0        0   0
18   3.29607e-12   0   0        0        0   0        0   0        0   0
19   5.99285e-13   0   0        0        0   0        0   0        0   0
20   0             0   0        0        0   0        0   0        0   0

:      10       11    12      13     14  15  16  17  18  19  20    :=
0    0        0        0   0.366923   0   0   0   0   0   0   0
1    0        0        0   0.0476     0   0   0   0   0   0   0
2    0        0.0476   0   0          0   0   0   0   0   0   0
3    0.0476   0        0   0          0   0   0   0   0   0   0
4    0        0        0   0          0   0   0   0   0   0   0
5    0        0        0   0          0   0   0   0   0   0   0
6    0        0        0   0          0   0   0   0   0   0   0
7    0        0        0   0          0   0   0   0   0   0   0
8    0        0        0   0          0   0   0   0   0   0   0
9    0        0        0   0          0   0   0   0   0   0   0
10   0        0        0   0          0   0   0   0   0   0   0
11   0        0        0   0          0   0   0   0   0   0   0
12   0        0        0   0          0   0   0   0   0   0   0
13   0        0        0   0          0   0   0   0   0   0   0
14   0        0        0   0          0   0   0   0   0   0   0
15   0        0        0   0          0   0   0   0   0   0   0
16   0        0        0   0          0   0   0   0   0   0   0
17   0        0        0   0          0   0   0   0   0   0   0
18   0        0        0   0          0   0   0   0   0   0   0
19   0        0        0   0          0   0   0   0   0   0   0
20   0        0        0   0          0   0   0   0   0   0   0

 [10,*,*]
:    0   1   2   3   4   5   6   7   8   9  10  11  12  13  14  15  16  17  18 :=
0    0   0   0   0   0   0   0   0   0   0   0   0   0   0   0   0   0   0   0
1    0   0   0   0   0   0   0   0   0   0   0   0   0   0   0   0   0   0   0
2    0   0   0   0   0   0   0   0   0   0   0   0   0   0   0   0   0   0   0
3    0   0   0   0   0   0   0   0   0   0   0   0   0   0   0   0   0   0   0
4    0   0   0   0   0   0   0   0   0   0   0   0   0   0   0   0   0   0   0
5    0   0   0   0   0   0   0   0   0   0   0   0   0   0   0   0   0   0   0
6    0   0   0   0   0   0   0   0   0   0   0   0   0   0   0   0   0   0   0
7    0   0   0   0   0   0   0   0   0   0   0   0   0   0   0   0   0   0   0
8    0   0   0   0   0   0   0   0   0   0   0   0   0   0   0   0   0   0   0
9    0   0   0   0   0   0   0   0   0   0   0   0   0   0   0   0   0   0   0
10   0   0   0   0   0   0   0   0   0   0   0   0   0   0   0   0   0   0   0
11   0   0   0   0   0   0   0   0   0   0   0   0   0   0   0   0   0   0   0
12   0   0   0   0   0   0   0   0   0   0   0   0   0   0   0   0   0   0   0
13   0   0   0   0   0   0   0   0   0   0   0   0   0   0   0   0   0   0   0
14   0   0   0   0   0   0   0   0   0   0   0   0   0   0   0   0   0   0   0
15   0   0   0   0   0   0   0   0   0   0   0   0   0   0   0   0   0   0   0
16   0   0   0   0   0   0   0   0   0   0   0   0   0   0   0   0   0   0   0
17   0   0   0   0   0   0   0   0   0   0   0   0   0   0   0   0   0   0   0
18   0   0   0   0   0   0   0   0   0   0   0   0   0   0   0   0   0   0   0
19   0   0   0   0   0   0   0   0   0   0   0   0   0   0   0   0   0   0   0
20   0   0   0   0   0   0   0   0   0   0   0   0   0   0   0   0   0   0   0

:   19  20    :=
0    0   0
1    0   0
2    0   0
3    0   0
4    0   0
5    0   0
6    0   0
7    0   0
8    0   0
9    0   0
10   0   0
11   0   0
12   0   0
13   0   0
14   0   0
15   0   0
16   0   0
17   0   0
18   0   0
19   0   0
20   0   0
;

