y [0,*,*]
:      0        1        2        3        4        5        6        7      8 :=
0    0        0        0        0        0        0        0        0.0476   0
1    0        0        0        0        0        0        0.0476   0        0
2    0        0        0        0        0        0.0476   0        0        0
3    0        0        0        0        0.0476   0        0        0        0
4    0        0        0        0.0476   0        0        0        0        0
5    0        0        0.0476   0        0        0        0        0        0
6    0        0.0476   0        0        0        0        0        0        0
7    0.0476   0        0        0        0        0        0        0        0
8    0.0476   0        0        0        0        0        0        0        0
9    0.0476   0        0        0        0        0        0        0        0
10   0.0476   0        0        0        0        0        0        0        0
11   0.0476   0        0        0        0        0        0        0        0
12   0.0476   0        0        0        0        0        0        0        0
13   0.0476   0        0        0        0        0        0        0        0
14   0.0476   0        0        0        0        0        0        0        0
15   0.0476   0        0        0        0        0        0        0        0
16   0.0476   0        0        0        0        0        0        0        0
17   0.0476   0        0        0        0        0        0        0        0
18   0.0476   0        0        0        0        0        0        0        0
19   0.0476   0        0        0        0        0        0        0        0
20   0.0476   0        0        0        0        0        0        0        0

:    9  10  11  12  13  14  15  16  17  18  19  20    :=
0    0   0   0   0   0   0   0   0   0   0   0   0
1    0   0   0   0   0   0   0   0   0   0   0   0
2    0   0   0   0   0   0   0   0   0   0   0   0
3    0   0   0   0   0   0   0   0   0   0   0   0
4    0   0   0   0   0   0   0   0   0   0   0   0
5    0   0   0   0   0   0   0   0   0   0   0   0
6    0   0   0   0   0   0   0   0   0   0   0   0
7    0   0   0   0   0   0   0   0   0   0   0   0
8    0   0   0   0   0   0   0   0   0   0   0   0
9    0   0   0   0   0   0   0   0   0   0   0   0
10   0   0   0   0   0   0   0   0   0   0   0   0
11   0   0   0   0   0   0   0   0   0   0   0   0
12   0   0   0   0   0   0   0   0   0   0   0   0
13   0   0   0   0   0   0   0   0   0   0   0   0
14   0   0   0   0   0   0   0   0   0   0   0   0
15   0   0   0   0   0   0   0   0   0   0   0   0
16   0   0   0   0   0   0   0   0   0   0   0   0
17   0   0   0   0   0   0   0   0   0   0   0   0
18   0   0   0   0   0   0   0   0   0   0   0   0
19   0   0   0   0   0   0   0   0   0   0   0   0
20   0   0   0   0   0   0   0   0   0   0   0   0

 [1,*,*]
:        0            1           2           3           4           5      :=
0    0            0           0           0           0           0
1    0            0           0           0           0           0
2    0            0           0           0           0           0.0562545
3    0            0           0           0           0.0605818   0
4    0            0           0           0.0649091   0           0
5    0            0           0.0692364   0           0           0
6    0            0.0735636   0           0           0           0
7    0.0778909    0           0           0           0           0
8    0.0476       0           0           0           0           0
9    0.0476       0           0           0           0           0
10   0.0476       0           0           0           0           0
11   0.0432727    0           0           0           0           0
12   0.0389455    0           0           0           0           0
13   0.0346182    0           0           0           0           0
14   0.0302909    0           0           0           0           0
15   0.0259636    0           0           0           0           0
16   0.0216364    0           0           0           0           0
17   0.0173091    0           0           0           0           0
18   0.0129818    0           0           0           0           0
19   0.00865455   0           0           0           0           0
20   0.00432727   0           0           0           0           0

:        6          7       8   9  10  11  12  13  14  15  16  17  18  19  20 :=
0    0           0.164436   0   0   0   0   0   0   0   0   0   0   0   0   0
1    0.0519273   0          0   0   0   0   0   0   0   0   0   0   0   0   0
2    0           0          0   0   0   0   0   0   0   0   0   0   0   0   0
3    0           0          0   0   0   0   0   0   0   0   0   0   0   0   0
4    0           0          0   0   0   0   0   0   0   0   0   0   0   0   0
5    0           0          0   0   0   0   0   0   0   0   0   0   0   0   0
6    0           0          0   0   0   0   0   0   0   0   0   0   0   0   0
7    0           0          0   0   0   0   0   0   0   0   0   0   0   0   0
8    0           0          0   0   0   0   0   0   0   0   0   0   0   0   0
9    0           0          0   0   0   0   0   0   0   0   0   0   0   0   0
10   0           0          0   0   0   0   0   0   0   0   0   0   0   0   0
11   0           0          0   0   0   0   0   0   0   0   0   0   0   0   0
12   0           0          0   0   0   0   0   0   0   0   0   0   0   0   0
13   0           0          0   0   0   0   0   0   0   0   0   0   0   0   0
14   0           0          0   0   0   0   0   0   0   0   0   0   0   0   0
15   0           0          0   0   0   0   0   0   0   0   0   0   0   0   0
16   0           0          0   0   0   0   0   0   0   0   0   0   0   0   0
17   0           0          0   0   0   0   0   0   0   0   0   0   0   0   0
18   0           0          0   0   0   0   0   0   0   0   0   0   0   0   0
19   0           0          0   0   0   0   0   0   0   0   0   0   0   0   0
20   0           0          0   0   0   0   0   0   0   0   0   0   0   0   0

 [2,*,*]
:         0            1           2           3           4           5     :=
0    0             0           0           0           0           0
1    0             0           0           0           0           0
2    0             0           0           0           0           0.0767107
3    0             0           0           0           0.0798579   0
4    0             0           0           0.0826116   0           0
5    0             0           0.0849719   0           0           0
6    0             0.0869388   0           0           0           0
7    0.0885124     0           0           0           0           0
8    0.033438      0           0           0           0           0
9    0.0298975     0           0           0           0           0
10   0.0259636     0           0           0           0           0
11   0.0216364     0           0           0           0           0
12   0.0177025     0           0           0           0           0
13   0.014162      0           0           0           0           0
14   0.0110149     0           0           0           0           0
15   0.00826116    0           0           0           0           0
16   0.00590083    0           0           0           0           0
17   0.00393388    0           0           0           0           0
18   0.00236033    0           0           0           0           0
19   0.00118017    0           0           0           0           0
20   0.000393388   0           0           0           0           0

:        6          7       8   9  10  11  12  13  14  15  16  17  18  19  20 :=
0    0           0.250982   0   0   0   0   0   0   0   0   0   0   0   0   0
1    0.0731702   0          0   0   0   0   0   0   0   0   0   0   0   0   0
2    0           0          0   0   0   0   0   0   0   0   0   0   0   0   0
3    0           0          0   0   0   0   0   0   0   0   0   0   0   0   0
4    0           0          0   0   0   0   0   0   0   0   0   0   0   0   0
5    0           0          0   0   0   0   0   0   0   0   0   0   0   0   0
6    0           0          0   0   0   0   0   0   0   0   0   0   0   0   0
7    0           0          0   0   0   0   0   0   0   0   0   0   0   0   0
8    0           0          0   0   0   0   0   0   0   0   0   0   0   0   0
9    0           0          0   0   0   0   0   0   0   0   0   0   0   0   0
10   0           0          0   0   0   0   0   0   0   0   0   0   0   0   0
11   0           0          0   0   0   0   0   0   0   0   0   0   0   0   0
12   0           0          0   0   0   0   0   0   0   0   0   0   0   0   0
13   0           0          0   0   0   0   0   0   0   0   0   0   0   0   0
14   0           0          0   0   0   0   0   0   0   0   0   0   0   0   0
15   0           0          0   0   0   0   0   0   0   0   0   0   0   0   0
16   0           0          0   0   0   0   0   0   0   0   0   0   0   0   0
17   0           0          0   0   0   0   0   0   0   0   0   0   0   0   0
18   0           0          0   0   0   0   0   0   0   0   0   0   0   0   0
19   0           0          0   0   0   0   0   0   0   0   0   0   0   0   0
20   0           0          0   0   0   0   0   0   0   0   0   0   0   0   0

 [3,*,*]
:         0            1          2          3          4           5        :=
0    0             0           0          0         0           0
1    0             0           0          0         0           0
2    0             0           0          0         0           0.0865812
3    0             0           0          0         0.0878687   0
4    0             0           0          0.08887   0           0
5    0             0           0.089621   0         0           0
6    0             0.0901575   0          0         0           0
7    0.0905151     0           0          0         0           0
8    0.0158428     0           0          0         0           0
9    0.0129103     0           0          0         0           0
10   0.0102281     0           0          0         0           0
11   0.00786777    0           0          0         0           0
12   0.00590083    0           0          0         0           0
13   0.00429151    0           0          0         0           0
14   0.00300406    0           0          0         0           0
15   0.0020027     0           0          0         0           0
16   0.00125169    0           0          0         0           0
17   0.000715252   0           0          0         0           0
18   0.000357626   0           0          0         0           0
19   0.00014305    0           0          0         0           0
20   3.57626e-05   0           0          0         0           0

:        6          7       8   9  10  11  12  13  14  15  16  17  18  19  20 :=
0    0           0.316463   0   0   0   0   0   0   0   0   0   0   0   0   0
1    0.0849719   0          0   0   0   0   0   0   0   0   0   0   0   0   0
2    0           0          0   0   0   0   0   0   0   0   0   0   0   0   0
3    0           0          0   0   0   0   0   0   0   0   0   0   0   0   0
4    0           0          0   0   0   0   0   0   0   0   0   0   0   0   0
5    0           0          0   0   0   0   0   0   0   0   0   0   0   0   0
6    0           0          0   0   0   0   0   0   0   0   0   0   0   0   0
7    0           0          0   0   0   0   0   0   0   0   0   0   0   0   0
8    0           0          0   0   0   0   0   0   0   0   0   0   0   0   0
9    0           0          0   0   0   0   0   0   0   0   0   0   0   0   0
10   0           0          0   0   0   0   0   0   0   0   0   0   0   0   0
11   0           0          0   0   0   0   0   0   0   0   0   0   0   0   0
12   0           0          0   0   0   0   0   0   0   0   0   0   0   0   0
13   0           0          0   0   0   0   0   0   0   0   0   0   0   0   0
14   0           0          0   0   0   0   0   0   0   0   0   0   0   0   0
15   0           0          0   0   0   0   0   0   0   0   0   0   0   0   0
16   0           0          0   0   0   0   0   0   0   0   0   0   0   0   0
17   0           0          0   0   0   0   0   0   0   0   0   0   0   0   0
18   0           0          0   0   0   0   0   0   0   0   0   0   0   0   0
19   0           0          0   0   0   0   0   0   0   0   0   0   0   0   0
20   0           0          0   0   0   0   0   0   0   0   0   0   0   0   0

 [4,*,*]
:         0            1           2           3          4          5       :=
0    0             0           0           0           0         0
1    0             0           0           0           0         0
2    0             0           0           0           0         0.0897998
3    0             0           0           0           0.09019   0
4    0             0           0           0.0904631   0         0
5    0             0           0.0906451   0           0         0
6    0             0.0907589   0           0           0         0
7    0.090824      0           0           0           0         0
8    0.00585206    0           0           0           0         0
9    0.00442481    0           0           0           0         0
10   0.0032544     0           0           0           0         0
11   0.00232457    0           0           0           0         0
12   0.00160932    0           0           0           0         0
13   0.00107288    0           0           0           0         0
14   0.00068274    0           0           0           0         0
15   0.000409644   0           0           0           0         0
16   0.00022758    0           0           0           0         0
17   0.00011379    0           0           0           0         0
18   4.87672e-05   0           0           0           0         0
19   1.62557e-05   0           0           0           0         0
20   3.25114e-06   0           0           0           0         0

:        6          7       8   9  10  11  12  13  14  15  16  17  18  19  20 :=
0    0           0.347616   0   0   0   0   0   0   0   0   0   0   0   0   0
1    0.0892634   0          0   0   0   0   0   0   0   0   0   0   0   0   0
2    0           0          0   0   0   0   0   0   0   0   0   0   0   0   0
3    0           0          0   0   0   0   0   0   0   0   0   0   0   0   0
4    0           0          0   0   0   0   0   0   0   0   0   0   0   0   0
5    0           0          0   0   0   0   0   0   0   0   0   0   0   0   0
6    0           0          0   0   0   0   0   0   0   0   0   0   0   0   0
7    0           0          0   0   0   0   0   0   0   0   0   0   0   0   0
8    0           0          0   0   0   0   0   0   0   0   0   0   0   0   0
9    0           0          0   0   0   0   0   0   0   0   0   0   0   0   0
10   0           0          0   0   0   0   0   0   0   0   0   0   0   0   0
11   0           0          0   0   0   0   0   0   0   0   0   0   0   0   0
12   0           0          0   0   0   0   0   0   0   0   0   0   0   0   0
13   0           0          0   0   0   0   0   0   0   0   0   0   0   0   0
14   0           0          0   0   0   0   0   0   0   0   0   0   0   0   0
15   0           0          0   0   0   0   0   0   0   0   0   0   0   0   0
16   0           0          0   0   0   0   0   0   0   0   0   0   0   0   0
17   0           0          0   0   0   0   0   0   0   0   0   0   0   0   0
18   0           0          0   0   0   0   0   0   0   0   0   0   0   0   0
19   0           0          0   0   0   0   0   0   0   0   0   0   0   0   0
20   0           0          0   0   0   0   0   0   0   0   0   0   0   0   0

 [5,*,*]
:         0             1             2             3           4        :=
0    0             0              0             0           0
1    0             0              0             0           0
2    0             0              0             0           0
3    0             0              0             0           0.0907362
4    0             0              0             0.0907982   0
5    0             0              0.0908355     0           0
6    0             0.0908562      0             0           0
7    0.0908665     0              0             0           0
8    0.00182005    0              0             0           0
9    0.00128952    0              0             0           0
10   0.000887562   0              0             0           0
11   0.000591708   0              0             0           0
12   0.000380384   0              0             0           0
13   0.000234082   0              0             0           0
14   0.000136548   0              0             0           0
15   7.44808e-05   0              0             0           0
16   3.72404e-05   0              0             0           0
17   1.65513e-05   0              0             0           0
18   0             6.50229e-06   -2.95559e-07   0           0
19   1.77335e-06   0              0             0           0
20   2.95559e-07   0              0             0           0

:        5           6         7      8   9  10  11  12  13  14  15  16  17  18 :=
0    0           0           0.3589   0   0   0   0   0   0   0   0   0   0   0
1    0           0.0904923   0        0   0   0   0   0   0   0   0   0   0   0
2    0.0906386   0           0        0   0   0   0   0   0   0   0   0   0   0
3    0           0           0        0   0   0   0   0   0   0   0   0   0   0
4    0           0           0        0   0   0   0   0   0   0   0   0   0   0
5    0           0           0        0   0   0   0   0   0   0   0   0   0   0
6    0           0           0        0   0   0   0   0   0   0   0   0   0   0
7    0           0           0        0   0   0   0   0   0   0   0   0   0   0
8    0           0           0        0   0   0   0   0   0   0   0   0   0   0
9    0           0           0        0   0   0   0   0   0   0   0   0   0   0
10   0           0           0        0   0   0   0   0   0   0   0   0   0   0
11   0           0           0        0   0   0   0   0   0   0   0   0   0   0
12   0           0           0        0   0   0   0   0   0   0   0   0   0   0
13   0           0           0        0   0   0   0   0   0   0   0   0   0   0
14   0           0           0        0   0   0   0   0   0   0   0   0   0   0
15   0           0           0        0   0   0   0   0   0   0   0   0   0   0
16   0           0           0        0   0   0   0   0   0   0   0   0   0   0
17   0           0           0        0   0   0   0   0   0   0   0   0   0   0
18   0           0           0        0   0   0   0   0   0   0   0   0   0   0
19   0           0           0        0   0   0   0   0   0   0   0   0   0   0
20   0           0           0        0   0   0   0   0   0   0   0   0   0   0

:   19  20    :=
0    0   0
1    0   0
2    0   0
3    0   0
4    0   0
5    0   0
6    0   0
7    0   0
8    0   0
9    0   0
10   0   0
11   0   0
12   0   0
13   0   0
14   0   0
15   0   0
16   0   0
17   0   0
18   0   0
19   0   0
20   0   0

 [6,*,*]
:         0            1            2             3             4         :=
0    0             0           0             0             0
1    0             0           0             0             0
2    0             0           0             0             0
3    0             0           0             0             0.0908479
4    0             0           0             0.0908603     0
5    0             0           0.0908671     0             0
6    0             0.0908705   0             0             0
7    0.090872      0           0             0             0
8    0.000497103   0           0             0             0
9    0.000332396   0           0             0             0
10   0.000215167   0           0             0             0
11   0.000134479   0           0             0             0
12   8.06875e-05   0           0             0             0
13   4.61071e-05   0           0             0             0
14   2.48269e-05   0           0             0             0
15   1.24135e-05   0           0             0             0
16   0             0           0             0             5.64248e-06
17   0             0           0             2.25699e-06   0
18   0             0           7.52331e-07   0             0
19   0             0           0             0             0
20   0             0           0             0             0

:        5          6          7       8   9  10  11  12  13  14  15  16  17 :=
0    0           0          0.362311   0   0   0   0   0   0   0   0   0   0
1    0           0.090792   0          0   0   0   0   0   0   0   0   0   0
2    0.0908266   0          0          0   0   0   0   0   0   0   0   0   0
3    0           0          0          0   0   0   0   0   0   0   0   0   0
4    0           0          0          0   0   0   0   0   0   0   0   0   0
5    0           0          0          0   0   0   0   0   0   0   0   0   0
6    0           0          0          0   0   0   0   0   0   0   0   0   0
7    0           0          0          0   0   0   0   0   0   0   0   0   0
8    0           0          0          0   0   0   0   0   0   0   0   0   0
9    0           0          0          0   0   0   0   0   0   0   0   0   0
10   0           0          0          0   0   0   0   0   0   0   0   0   0
11   0           0          0          0   0   0   0   0   0   0   0   0   0
12   0           0          0          0   0   0   0   0   0   0   0   0   0
13   0           0          0          0   0   0   0   0   0   0   0   0   0
14   0           0          0          0   0   0   0   0   0   0   0   0   0
15   0           0          0          0   0   0   0   0   0   0   0   0   0
16   0           0          0          0   0   0   0   0   0   0   0   0   0
17   0           0          0          0   0   0   0   0   0   0   0   0   0
18   0           0          0          0   0   0   0   0   0   0   0   0   0
19   0           0          0          0   0   0   0   0   0   0   0   0   0
20   0           0          0          0   0   0   0   0   0   0   0   0   0

:   18  19  20    :=
0    0   0   0
1    0   0   0
2    0   0   0
3    0   0   0
4    0   0   0
5    0   0   0
6    0   0   0
7    0   0   0
8    0   0   0
9    0   0   0
10   0   0   0
11   0   0   0
12   0   0   0
13   0   0   0
14   0   0   0
15   0   0   0
16   0   0   0
17   0   0   0
18   0   0   0
19   0   0   0
20   0   0   0

 [7,*,*]
:         0            1           2           3           4           5     :=
0    0             0           0           0           0           0
1    0             0           0           0           0           0
2    0             0           0           0           0           0.0908643
3    0             0           0           0           0.0908685   0
4    0             0           0           0.0908707   0           0
5    0             0           0.0908719   0           0           0
6    0             0.0908719   0           0           0           0
7    0.0908719     0           0           0           0           0
8    0.000122107   0           0           0           0           0
9    7.69161e-05   0           0           0           0           0
10   4.74848e-05   0           0           0           0           0
11   2.79242e-05   0           0           0           0           0
12   1.56988e-05   0           0           0           0           0
13   8.36357e-06   0           0           0           0           0
14   4.17202e-06   0           0           0           0           0
15   1.91502e-06   0           0           0           0           0
16   7.86528e-07   0           0           0           0           0
17   0             0           0           0           0           0
18   0             0           0           0           0           0
19   0             0           0           0           0           0
20   0             0           0           0           0           0

:       6          7       8   9  10  11  12  13  14  15  16  17  18  19  20 :=
0    0          0.363215   0   0   0   0   0   0   0   0   0   0   0   0   0
1    0.090857   0          0   0   0   0   0   0   0   0   0   0   0   0   0
2    0          0          0   0   0   0   0   0   0   0   0   0   0   0   0
3    0          0          0   0   0   0   0   0   0   0   0   0   0   0   0
4    0          0          0   0   0   0   0   0   0   0   0   0   0   0   0
5    0          0          0   0   0   0   0   0   0   0   0   0   0   0   0
6    0          0          0   0   0   0   0   0   0   0   0   0   0   0   0
7    0          0          0   0   0   0   0   0   0   0   0   0   0   0   0
8    0          0          0   0   0   0   0   0   0   0   0   0   0   0   0
9    0          0          0   0   0   0   0   0   0   0   0   0   0   0   0
10   0          0          0   0   0   0   0   0   0   0   0   0   0   0   0
11   0          0          0   0   0   0   0   0   0   0   0   0   0   0   0
12   0          0          0   0   0   0   0   0   0   0   0   0   0   0   0
13   0          0          0   0   0   0   0   0   0   0   0   0   0   0   0
14   0          0          0   0   0   0   0   0   0   0   0   0   0   0   0
15   0          0          0   0   0   0   0   0   0   0   0   0   0   0   0
16   0          0          0   0   0   0   0   0   0   0   0   0   0   0   0
17   0          0          0   0   0   0   0   0   0   0   0   0   0   0   0
18   0          0          0   0   0   0   0   0   0   0   0   0   0   0   0
19   0          0          0   0   0   0   0   0   0   0   0   0   0   0   0
20   0          0          0   0   0   0   0   0   0   0   0   0   0   0   0

 [8,*,*]
:         0            1           2           3           4          5      :=
0    0             0           0           0           0           0
1    0             0           0           0           0           0
2    0             0           0           0           0           0.090871
3    0             0           0           0           0.0908717   0
4    0             0           0           0.0908721   0           0
5    0             0           0.0908723   0           0           0
6    0             0.0908724   0           0           0           0
7    0.0908724     0           0           0           0           0
8    2.77607e-05   0           0           0           0           0
9    1.66601e-05   0           0           0           0           0
10   9.66772e-06   0           0           0           0           0
11   5.35092e-06   0           0           0           0           0
12   2.81236e-06   0           0           0           0           0
13   1.38519e-06   0           0           0           0           0
14   0             0           0           0           0           0
15   0             0           0           0           0           0
16   0             0           0           0           0           0
17   0             0           0           0           0           0
18   0             0           0           0           0           0
19   0             0           0           0           0           0
20   0             0           0           0           0           0

:        6          7      8   9  10  11  12  13  14  15  16  17  18  19  20 :=
0    0           0.36343   0   0   0   0   0   0   0   0   0   0   0   0   0
1    0.0908696   0         0   0   0   0   0   0   0   0   0   0   0   0   0
2    0           0         0   0   0   0   0   0   0   0   0   0   0   0   0
3    0           0         0   0   0   0   0   0   0   0   0   0   0   0   0
4    0           0         0   0   0   0   0   0   0   0   0   0   0   0   0
5    0           0         0   0   0   0   0   0   0   0   0   0   0   0   0
6    0           0         0   0   0   0   0   0   0   0   0   0   0   0   0
7    0           0         0   0   0   0   0   0   0   0   0   0   0   0   0
8    0           0         0   0   0   0   0   0   0   0   0   0   0   0   0
9    0           0         0   0   0   0   0   0   0   0   0   0   0   0   0
10   0           0         0   0   0   0   0   0   0   0   0   0   0   0   0
11   0           0         0   0   0   0   0   0   0   0   0   0   0   0   0
12   0           0         0   0   0   0   0   0   0   0   0   0   0   0   0
13   0           0         0   0   0   0   0   0   0   0   0   0   0   0   0
14   0           0         0   0   0   0   0   0   0   0   0   0   0   0   0
15   0           0         0   0   0   0   0   0   0   0   0   0   0   0   0
16   0           0         0   0   0   0   0   0   0   0   0   0   0   0   0
17   0           0         0   0   0   0   0   0   0   0   0   0   0   0   0
18   0           0         0   0   0   0   0   0   0   0   0   0   0   0   0
19   0           0         0   0   0   0   0   0   0   0   0   0   0   0   0
20   0           0         0   0   0   0   0   0   0   0   0   0   0   0   0

 [9,*,*]
:         0            1           2           3           4           5     :=
0    0             0           0           0           0           0
1    0             0           0           0           0           0
2    0             0           0           0           0           0.0908722
3    0             0           0           0           0.0908723   0
4    0             0           0           0.0908723   0           0
5    0             0           0.0908723   0           0           0
6    0             0.0908723   0           0           0           0
7    0.0908723     0           0           0           0           0
8    5.78518e-06   0           0           0           0           0
9    3.26148e-06   0           0           0           0           0
10   1.74693e-06   0           0           0           0           0
11   8.68043e-07   0           0           0           0           0
12   3.81596e-07   0           0           0           0           0
13   1.25927e-07   0           0           0           0           0
14   0             0           0           0           0           0
15   0             0           0           0           0           0
16   0             0           0           0           0           0
17   0             0           0           0           0           0
18   0             0           0           0           0           0
19   0             0           0           0           0           0
20   0             0           0           0           0           0

:        6          7       8   9  10  11  12  13  14  15  16  17  18  19  20 :=
0    0           0.363477   0   0   0   0   0   0   0   0   0   0   0   0   0
1    0.0908719   0          0   0   0   0   0   0   0   0   0   0   0   0   0
2    0           0          0   0   0   0   0   0   0   0   0   0   0   0   0
3    0           0          0   0   0   0   0   0   0   0   0   0   0   0   0
4    0           0          0   0   0   0   0   0   0   0   0   0   0   0   0
5    0           0          0   0   0   0   0   0   0   0   0   0   0   0   0
6    0           0          0   0   0   0   0   0   0   0   0   0   0   0   0
7    0           0          0   0   0   0   0   0   0   0   0   0   0   0   0
8    0           0          0   0   0   0   0   0   0   0   0   0   0   0   0
9    0           0          0   0   0   0   0   0   0   0   0   0   0   0   0
10   0           0          0   0   0   0   0   0   0   0   0   0   0   0   0
11   0           0          0   0   0   0   0   0   0   0   0   0   0   0   0
12   0           0          0   0   0   0   0   0   0   0   0   0   0   0   0
13   0           0          0   0   0   0   0   0   0   0   0   0   0   0   0
14   0           0          0   0   0   0   0   0   0   0   0   0   0   0   0
15   0           0          0   0   0   0   0   0   0   0   0   0   0   0   0
16   0           0          0   0   0   0   0   0   0   0   0   0   0   0   0
17   0           0          0   0   0   0   0   0   0   0   0   0   0   0   0
18   0           0          0   0   0   0   0   0   0   0   0   0   0   0   0
19   0           0          0   0   0   0   0   0   0   0   0   0   0   0   0
20   0           0          0   0   0   0   0   0   0   0   0   0   0   0   0

 [10,*,*]
:    0   1   2   3   4   5   6   7   8   9  10  11  12  13  14  15  16  17  18 :=
0    0   0   0   0   0   0   0   0   0   0   0   0   0   0   0   0   0   0   0
1    0   0   0   0   0   0   0   0   0   0   0   0   0   0   0   0   0   0   0
2    0   0   0   0   0   0   0   0   0   0   0   0   0   0   0   0   0   0   0
3    0   0   0   0   0   0   0   0   0   0   0   0   0   0   0   0   0   0   0
4    0   0   0   0   0   0   0   0   0   0   0   0   0   0   0   0   0   0   0
5    0   0   0   0   0   0   0   0   0   0   0   0   0   0   0   0   0   0   0
6    0   0   0   0   0   0   0   0   0   0   0   0   0   0   0   0   0   0   0
7    0   0   0   0   0   0   0   0   0   0   0   0   0   0   0   0   0   0   0
8    0   0   0   0   0   0   0   0   0   0   0   0   0   0   0   0   0   0   0
9    0   0   0   0   0   0   0   0   0   0   0   0   0   0   0   0   0   0   0
10   0   0   0   0   0   0   0   0   0   0   0   0   0   0   0   0   0   0   0
11   0   0   0   0   0   0   0   0   0   0   0   0   0   0   0   0   0   0   0
12   0   0   0   0   0   0   0   0   0   0   0   0   0   0   0   0   0   0   0
13   0   0   0   0   0   0   0   0   0   0   0   0   0   0   0   0   0   0   0
14   0   0   0   0   0   0   0   0   0   0   0   0   0   0   0   0   0   0   0
15   0   0   0   0   0   0   0   0   0   0   0   0   0   0   0   0   0   0   0
16   0   0   0   0   0   0   0   0   0   0   0   0   0   0   0   0   0   0   0
17   0   0   0   0   0   0   0   0   0   0   0   0   0   0   0   0   0   0   0
18   0   0   0   0   0   0   0   0   0   0   0   0   0   0   0   0   0   0   0
19   0   0   0   0   0   0   0   0   0   0   0   0   0   0   0   0   0   0   0
20   0   0   0   0   0   0   0   0   0   0   0   0   0   0   0   0   0   0   0

:   19  20    :=
0    0   0
1    0   0
2    0   0
3    0   0
4    0   0
5    0   0
6    0   0
7    0   0
8    0   0
9    0   0
10   0   0
11   0   0
12   0   0
13   0   0
14   0   0
15   0   0
16   0   0
17   0   0
18   0   0
19   0   0
20   0   0
;

