y [0,*,*]
:        0       1   2   3       4           5           6           7       :=
0    0           0   0   0   0           0           0           0
1    0           0   0   0   0           0           0           0
2    0           0   0   0   0           0           0           0.0476191
3    0           0   0   0   0           0           0.0476191   0
4    0           0   0   0   0           0.0476191   0           0
5    0           0   0   0   0.0476191   0           0           0
6    0.0476191   0   0   0   0           0           0           0
7    0.0476191   0   0   0   0           0           0           0
8    0.0476191   0   0   0   0           0           0           0
9    0.0476191   0   0   0   0           0           0           0
10   0.0476191   0   0   0   0           0           0           0
11   0.0476191   0   0   0   0           0           0           0
12   0.0476191   0   0   0   0           0           0           0
13   0.0476191   0   0   0   0           0           0           0
14   0.0476191   0   0   0   0           0           0           0
15   0.0476191   0   0   0   0           0           0           0
16   0.0476191   0   0   0   0           0           0           0
17   0.0476191   0   0   0   0           0           0           0
18   0.0476191   0   0   0   0           0           0           0
19   0.0476191   0   0   0   0           0           0           0
20   0.0476191   0   0   0   0           0           0           0

:        8           9      10  11  12  13  14  15  16  17  18  19  20    :=
0    0           0.0476191   0   0   0   0   0   0   0   0   0   0   0
1    0.0476191   0           0   0   0   0   0   0   0   0   0   0   0
2    0           0           0   0   0   0   0   0   0   0   0   0   0
3    0           0           0   0   0   0   0   0   0   0   0   0   0
4    0           0           0   0   0   0   0   0   0   0   0   0   0
5    0           0           0   0   0   0   0   0   0   0   0   0   0
6    0           0           0   0   0   0   0   0   0   0   0   0   0
7    0           0           0   0   0   0   0   0   0   0   0   0   0
8    0           0           0   0   0   0   0   0   0   0   0   0   0
9    0           0           0   0   0   0   0   0   0   0   0   0   0
10   0           0           0   0   0   0   0   0   0   0   0   0   0
11   0           0           0   0   0   0   0   0   0   0   0   0   0
12   0           0           0   0   0   0   0   0   0   0   0   0   0
13   0           0           0   0   0   0   0   0   0   0   0   0   0
14   0           0           0   0   0   0   0   0   0   0   0   0   0
15   0           0           0   0   0   0   0   0   0   0   0   0   0
16   0           0           0   0   0   0   0   0   0   0   0   0   0
17   0           0           0   0   0   0   0   0   0   0   0   0   0
18   0           0           0   0   0   0   0   0   0   0   0   0   0
19   0           0           0   0   0   0   0   0   0   0   0   0   0
20   0           0           0   0   0   0   0   0   0   0   0   0   0

 [1,*,*]
:        0       1   2   3       4           5           6           7       :=
0    0           0   0   0   0           0           0           0
1    0           0   0   0   0           0           0           0
2    0           0   0   0   0           0           0           0.0238526
3    0           0   0   0   0           0           0.0340751   0
4    0           0   0   0   0           0.0486788   0           0
5    0           0   0   0   0.0695411   0           0           0
6    0.0993444   0   0   0   0           0           0           0
7    0.121512    0   0   0   0           0           0           0
8    0.153181    0   0   0   0           0           0           0
9    0.198422    0   0   0   0           0           0           0
10   0.0466775   0   0   0   0           0           0           0
11   0.0462739   0   0   0   0           0           0           0
12   0.0456974   0   0   0   0           0           0           0
13   0.0448739   0   0   0   0           0           0           0
14   0.0436974   0   0   0   0           0           0           0
15   0.0420167   0   0   0   0           0           0           0
16   0.0396157   0   0   0   0           0           0           0
17   0.0361857   0   0   0   0           0           0           0
18   0.0312857   0   0   0   0           0           0           0
19   0.0242857   0   0   0   0           0           0           0
20   0.0142857   0   0   0   0           0           0           0

:        8           9      10  11  12  13  14  15  16  17  18  19  20    :=
0    0           0.0389592   0   0   0   0   0   0   0   0   0   0   0
1    0.0166968   0           0   0   0   0   0   0   0   0   0   0   0
2    0           0           0   0   0   0   0   0   0   0   0   0   0
3    0           0           0   0   0   0   0   0   0   0   0   0   0
4    0           0           0   0   0   0   0   0   0   0   0   0   0
5    0           0           0   0   0   0   0   0   0   0   0   0   0
6    0           0           0   0   0   0   0   0   0   0   0   0   0
7    0           0           0   0   0   0   0   0   0   0   0   0   0
8    0           0           0   0   0   0   0   0   0   0   0   0   0
9    0           0           0   0   0   0   0   0   0   0   0   0   0
10   0           0           0   0   0   0   0   0   0   0   0   0   0
11   0           0           0   0   0   0   0   0   0   0   0   0   0
12   0           0           0   0   0   0   0   0   0   0   0   0   0
13   0           0           0   0   0   0   0   0   0   0   0   0   0
14   0           0           0   0   0   0   0   0   0   0   0   0   0
15   0           0           0   0   0   0   0   0   0   0   0   0   0
16   0           0           0   0   0   0   0   0   0   0   0   0   0
17   0           0           0   0   0   0   0   0   0   0   0   0   0
18   0           0           0   0   0   0   0   0   0   0   0   0   0
19   0           0           0   0   0   0   0   0   0   0   0   0   0
20   0           0           0   0   0   0   0   0   0   0   0   0   0

 [2,*,*]
:        0        1   2   3      4           5           6           7       :=
0    0            0   0   0   0          0           0           0
1    0            0   0   0   0          0           0           0
2    0            0   0   0   0          0           0           0.0429733
3    0            0   0   0   0          0           0.0613904   0
4    0            0   0   0   0          0.0877005   0           0
5    0            0   0   0   0.125286   0           0           0
6    0.178981     0   0   0   0          0           0           0
7    0.207682     0   0   0   0          0           0           0
8    0.236786     0   0   0   0          0           0           0
9    0.261226     0   0   0   0          0           0           0
10   0.0553326    0   0   0   0          0           0           0
11   0.0546128    0   0   0   0          0           0           0
12   0.0533065    0   0   0   0          0           0           0
13   0.0512552    0   0   0   0          0           0           0
14   0.0482796    0   0   0   0          0           0           0
15   0.0441919    0   0   0   0          0           0           0
16   0.0388242    0   0   0   0          0           0           0
17   0.032082     0   0   0   0          0           0           0
18   0.0240433    0   0   0   0          0           0           0
19   0.0151293    0   0   0   0          0           0           0
20   0.00639353   0   0   0   0          0           0           0

:        8           9      10  11  12  13  14  15  16  17  18  19  20    :=
0    0           0.0701897   0   0   0   0   0   0   0   0   0   0   0
1    0.0300813   0           0   0   0   0   0   0   0   0   0   0   0
2    0           0           0   0   0   0   0   0   0   0   0   0   0
3    0           0           0   0   0   0   0   0   0   0   0   0   0
4    0           0           0   0   0   0   0   0   0   0   0   0   0
5    0           0           0   0   0   0   0   0   0   0   0   0   0
6    0           0           0   0   0   0   0   0   0   0   0   0   0
7    0           0           0   0   0   0   0   0   0   0   0   0   0
8    0           0           0   0   0   0   0   0   0   0   0   0   0
9    0           0           0   0   0   0   0   0   0   0   0   0   0
10   0           0           0   0   0   0   0   0   0   0   0   0   0
11   0           0           0   0   0   0   0   0   0   0   0   0   0
12   0           0           0   0   0   0   0   0   0   0   0   0   0
13   0           0           0   0   0   0   0   0   0   0   0   0   0
14   0           0           0   0   0   0   0   0   0   0   0   0   0
15   0           0           0   0   0   0   0   0   0   0   0   0   0
16   0           0           0   0   0   0   0   0   0   0   0   0   0
17   0           0           0   0   0   0   0   0   0   0   0   0   0
18   0           0           0   0   0   0   0   0   0   0   0   0   0
19   0           0           0   0   0   0   0   0   0   0   0   0   0
20   0           0           0   0   0   0   0   0   0   0   0   0   0

 [3,*,*]
:        0        1   2   3      4          5          6          7       :=
0    0            0   0   0   0          0          0          0
1    0            0   0   0   0          0          0          0
2    0            0   0   0   0          0          0          0.07018
3    0            0   0   0   0          0          0.100257   0
4    0            0   0   0   0          0.143225   0          0
5    0            0   0   0   0.204607   0          0          0
6    0.292295     0   0   0   0          0          0          0
7    0.331079     0   0   0   0          0          0          0
8    0.370587     0   0   0   0          0          0          0
9    0.410323     0   0   0   0          0          0          0
10   0.062922     0   0   0   0          0          0          0
11   0.0609243    0   0   0   0          0          0          0
12   0.0578697    0   0   0   0          0          0          0
13   0.0536285    0   0   0   0          0          0          0
14   0.0481231    0   0   0   0          0          0          0
15   0.0413701    0   0   0   0          0          0          0
16   0.0335346    0   0   0   0          0          0          0
17   0.0249927    0   0   0   0          0          0          0
18   0.0163866    0   0   0   0          0          0          0
19   0.00863997   0   0   0   0          0          0          0
20   0.00286141   0   0   0   0          0          0          0

:       8          9      10  11  12  13  14  15  16  17  18  19  20    :=
0    0          0.114627   0   0   0   0   0   0   0   0   0   0   0
1    0.049126   0          0   0   0   0   0   0   0   0   0   0   0
2    0          0          0   0   0   0   0   0   0   0   0   0   0
3    0          0          0   0   0   0   0   0   0   0   0   0   0
4    0          0          0   0   0   0   0   0   0   0   0   0   0
5    0          0          0   0   0   0   0   0   0   0   0   0   0
6    0          0          0   0   0   0   0   0   0   0   0   0   0
7    0          0          0   0   0   0   0   0   0   0   0   0   0
8    0          0          0   0   0   0   0   0   0   0   0   0   0
9    0          0          0   0   0   0   0   0   0   0   0   0   0
10   0          0          0   0   0   0   0   0   0   0   0   0   0
11   0          0          0   0   0   0   0   0   0   0   0   0   0
12   0          0          0   0   0   0   0   0   0   0   0   0   0
13   0          0          0   0   0   0   0   0   0   0   0   0   0
14   0          0          0   0   0   0   0   0   0   0   0   0   0
15   0          0          0   0   0   0   0   0   0   0   0   0   0
16   0          0          0   0   0   0   0   0   0   0   0   0   0
17   0          0          0   0   0   0   0   0   0   0   0   0   0
18   0          0          0   0   0   0   0   0   0   0   0   0   0
19   0          0          0   0   0   0   0   0   0   0   0   0   0
20   0          0          0   0   0   0   0   0   0   0   0   0   0

 [4,*,*]
:        0        1   2   3      4          5          6          7        :=
0    0            0   0   0   0          0          0          0
1    0            0   0   0   0          0          0          0
2    0            0   0   0   0          0          0          0.110959
3    0            0   0   0   0          0          0.158513   0
4    0            0   0   0   0          0.226446   0          0
5    0            0   0   0   0.323495   0          0          0
6    0.462136     0   0   0   0          0          0          0
7    0.518953     0   0   0   0          0          0          0
8    0.578148     0   0   0   0          0          0          0
9    0.639546     0   0   0   0          0          0          0
10   0.0674645    0   0   0   0          0          0          0
11   0.0634408    0   0   0   0          0          0          0
12   0.0580942    0   0   0   0          0          0          0
13   0.051463     0   0   0   0          0          0          0
14   0.0437105    0   0   0   0          0          0          0
15   0.035155     0   0   0   0          0          0          0
16   0.0262884    0   0   0   0          0          0          0
17   0.0177628    0   0   0   0          0          0          0
18   0.0103269    0   0   0   0          0          0          0
19   0.00468666   0   0   0   0          0          0          0
20   0.00128062   0   0   0   0          0          0          0

:        8          9      10  11  12  13  14  15  16  17  18  19  20    :=
0    0           0.181233   0   0   0   0   0   0   0   0   0   0   0
1    0.0776711   0          0   0   0   0   0   0   0   0   0   0   0
2    0           0          0   0   0   0   0   0   0   0   0   0   0
3    0           0          0   0   0   0   0   0   0   0   0   0   0
4    0           0          0   0   0   0   0   0   0   0   0   0   0
5    0           0          0   0   0   0   0   0   0   0   0   0   0
6    0           0          0   0   0   0   0   0   0   0   0   0   0
7    0           0          0   0   0   0   0   0   0   0   0   0   0
8    0           0          0   0   0   0   0   0   0   0   0   0   0
9    0           0          0   0   0   0   0   0   0   0   0   0   0
10   0           0          0   0   0   0   0   0   0   0   0   0   0
11   0           0          0   0   0   0   0   0   0   0   0   0   0
12   0           0          0   0   0   0   0   0   0   0   0   0   0
13   0           0          0   0   0   0   0   0   0   0   0   0   0
14   0           0          0   0   0   0   0   0   0   0   0   0   0
15   0           0          0   0   0   0   0   0   0   0   0   0   0
16   0           0          0   0   0   0   0   0   0   0   0   0   0
17   0           0          0   0   0   0   0   0   0   0   0   0   0
18   0           0          0   0   0   0   0   0   0   0   0   0   0
19   0           0          0   0   0   0   0   0   0   0   0   0   0
20   0           0          0   0   0   0   0   0   0   0   0   0   0

 [5,*,*]
:         0        1   2   3      4          5         6         7       :=
0    0             0   0   0   0          0          0        0
1    0             0   0   0   0          0          0        0
2    0             0   0   0   0          0          0        0.17234
3    0             0   0   0   0          0          0.2462   0
4    0             0   0   0   0          0.351714   0        0
5    0             0   0   0   0.502449   0          0        0
6    0.717784      0   0   0   0          0          0        0
7    0.802096      0   0   0   0          0          0        0
8    0.89002       0   0   0   0          0          0        0
9    0.980687      0   0   0   0          0          0        0
10   0.0678536     0   0   0   0          0          0        0
11   0.0616188     0   0   0   0          0          0        0
12   0.0541474     0   0   0   0          0          0        0
13   0.0457025     0   0   0   0          0          0        0
14   0.0366847     0   0   0   0          0          0        0
15   0.0276204     0   0   0   0          0          0        0
16   0.0191202     0   0   0   0          0          0        0
17   0.0117991     0   0   0   0          0          0        0
18   0.00616056    0   0   0   0          0          0        0
19   0.00245717    0   0   0   0          0          0        0
20   0.000573137   0   0   0   0          0          0        0

:       8          9      10  11  12  13  14  15  16  17  18  19  20    :=
0    0          0.281489   0   0   0   0   0   0   0   0   0   0   0
1    0.120638   0          0   0   0   0   0   0   0   0   0   0   0
2    0          0          0   0   0   0   0   0   0   0   0   0   0
3    0          0          0   0   0   0   0   0   0   0   0   0   0
4    0          0          0   0   0   0   0   0   0   0   0   0   0
5    0          0          0   0   0   0   0   0   0   0   0   0   0
6    0          0          0   0   0   0   0   0   0   0   0   0   0
7    0          0          0   0   0   0   0   0   0   0   0   0   0
8    0          0          0   0   0   0   0   0   0   0   0   0   0
9    0          0          0   0   0   0   0   0   0   0   0   0   0
10   0          0          0   0   0   0   0   0   0   0   0   0   0
11   0          0          0   0   0   0   0   0   0   0   0   0   0
12   0          0          0   0   0   0   0   0   0   0   0   0   0
13   0          0          0   0   0   0   0   0   0   0   0   0   0
14   0          0          0   0   0   0   0   0   0   0   0   0   0
15   0          0          0   0   0   0   0   0   0   0   0   0   0
16   0          0          0   0   0   0   0   0   0   0   0   0   0
17   0          0          0   0   0   0   0   0   0   0   0   0   0
18   0          0          0   0   0   0   0   0   0   0   0   0   0
19   0          0          0   0   0   0   0   0   0   0   0   0   0
20   0          0          0   0   0   0   0   0   0   0   0   0   0

 [6,*,*]
:         0        1   2      3          4          5          6          7  :=
0    0             0   0   0          0          0          0          0
1    0             0   0   0          0          0          0          0.185056
2    0             0   0   0          0          0          0.264366   0
3    0             0   0   0          0          0.377665   0          0
4    0             0   0   0          0.539522   0          0          0
5    0             0   0   0.770745   0          0          0          0
6    1.10106       0   0   0          0          0          0          0
7    1.22611       0   0   0          0          0          0          0
8    1.35617       0   0   0          0          0          0          0
9    1.48976       0   0   0          0          0          0          0
10   0.0641235     0   0   0          0          0          0          0
11   0.0560865     0   0   0          0          0          0          0
12   0.0472171     0   0   0          0          0          0          0
13   0.0379523     0   0   0          0          0          0          0
14   0.0288149     0   0   0          0          0          0          0
15   0.020362      0   0   0          0          0          0          0
16   0.0131098     0   0   0          0          0          0          0
17   0.00744364    0   0   0          0          0          0          0
18   0.00352927    0   0   0          0          0          0          0
19   0.00125748    0   0   0          0          0          0          0
20   0.000256506   0   0   0          0          0          0          0

:       8       9  10  11  12  13  14  15  16  17  18  19  20    :=
0    0.431797   0   0   0   0   0   0   0   0   0   0   0   0
1    0          0   0   0   0   0   0   0   0   0   0   0   0
2    0          0   0   0   0   0   0   0   0   0   0   0   0
3    0          0   0   0   0   0   0   0   0   0   0   0   0
4    0          0   0   0   0   0   0   0   0   0   0   0   0
5    0          0   0   0   0   0   0   0   0   0   0   0   0
6    0          0   0   0   0   0   0   0   0   0   0   0   0
7    0          0   0   0   0   0   0   0   0   0   0   0   0
8    0          0   0   0   0   0   0   0   0   0   0   0   0
9    0          0   0   0   0   0   0   0   0   0   0   0   0
10   0          0   0   0   0   0   0   0   0   0   0   0   0
11   0          0   0   0   0   0   0   0   0   0   0   0   0
12   0          0   0   0   0   0   0   0   0   0   0   0   0
13   0          0   0   0   0   0   0   0   0   0   0   0   0
14   0          0   0   0   0   0   0   0   0   0   0   0   0
15   0          0   0   0   0   0   0   0   0   0   0   0   0
16   0          0   0   0   0   0   0   0   0   0   0   0   0
17   0          0   0   0   0   0   0   0   0   0   0   0   0
18   0          0   0   0   0   0   0   0   0   0   0   0   0
19   0          0   0   0   0   0   0   0   0   0   0   0   0
20   0          0   0   0   0   0   0   0   0   0   0   0   0

 [7,*,*]
:         0        1   2      3          4          5          6          7  :=
0    0             0   0   0          0          0          0          0.728626
1    0             0   0   0          0          0          0.312268   0
2    0             0   0   0          0          0.446097   0          0
3    0             0   0   0          0.637282   0          0          0
4    0             0   0   0.910403   0          0          0          0
5    1.30058       0   0   0          0          0          0          0
6    1.85797       0   0   0          0          0          0          0
7    2.12219       0   0   0          0          0          0          0
8    2.42726       0   0   0          0          0          0          0
9    0.575112      0   0   0          0          0          0          0
10   0.0572018     0   0   0          0          0          0          0
11   0.0481509     0   0   0          0          0          0          0
12   0.038835      0   0   0          0          0          0          0
13   0.0297538     0   0   0          0          0          0          0
14   0.0214104     0   0   0          0          0          0          0
15   0.0142466     0   0   0          0          0          0          0
16   0.00857272    0   0   0          0          0          0          0
17   0.00450936    0   0   0          0          0          0          0
18   0.00195998    0   0   0          0          0          0          0
19   0.000631996   0   0   0          0          0          0          0
20   0.000114799   0   0   0          0          0          0          0

:    8   9  10  11  12  13  14  15  16  17  18  19  20    :=
0    0   0   0   0   0   0   0   0   0   0   0   0   0
1    0   0   0   0   0   0   0   0   0   0   0   0   0
2    0   0   0   0   0   0   0   0   0   0   0   0   0
3    0   0   0   0   0   0   0   0   0   0   0   0   0
4    0   0   0   0   0   0   0   0   0   0   0   0   0
5    0   0   0   0   0   0   0   0   0   0   0   0   0
6    0   0   0   0   0   0   0   0   0   0   0   0   0
7    0   0   0   0   0   0   0   0   0   0   0   0   0
8    0   0   0   0   0   0   0   0   0   0   0   0   0
9    0   0   0   0   0   0   0   0   0   0   0   0   0
10   0   0   0   0   0   0   0   0   0   0   0   0   0
11   0   0   0   0   0   0   0   0   0   0   0   0   0
12   0   0   0   0   0   0   0   0   0   0   0   0   0
13   0   0   0   0   0   0   0   0   0   0   0   0   0
14   0   0   0   0   0   0   0   0   0   0   0   0   0
15   0   0   0   0   0   0   0   0   0   0   0   0   0
16   0   0   0   0   0   0   0   0   0   0   0   0   0
17   0   0   0   0   0   0   0   0   0   0   0   0   0
18   0   0   0   0   0   0   0   0   0   0   0   0   0
19   0   0   0   0   0   0   0   0   0   0   0   0   0
20   0   0   0   0   0   0   0   0   0   0   0   0   0

 [8,*,*]
:         0        1   2      3         4          5          6      7   8   9 :=
0    0             0   0   0         0          0          1.40265   0   0   0
1    0             0   0   0         0          0.601135   0         0   0   0
2    0             0   0   0         0.858764   0          0         0   0   0
3    0             0   0   1.22681   0          0          0         0   0   0
4    1.75258       0   0   0         0          0          0         0   0   0
5    2.50369       0   0   0         0          0          0         0   0   0
6    2.96068       0   0   0         0          0          0         0   0   0
7    3.33176       0   0   0         0          0          0         0   0   0
8    1.02285       0   0   0         0          0          0         0   0   0
9    0.240463      0   0   0         0          0          0         0   0   0
10   0.0484325     0   0   0         0          0          0         0   0   0
11   0.0392465     0   0   0         0          0          0         0   0   0
12   0.0303522     0   0   0         0          0          0         0   0   0
13   0.0222022     0   0   0         0          0          0         0   0   0
14   0.0151795     0   0   0         0          0          0         0   0   0
15   0.00954407    0   0   0         0          0          0         0   0   0
16   0.00539255    0   0   0         0          0          0         0   0   0
17   0.00264405    0   0   0         0          0          0         0   0   0
18   0.00106204    0   0   0         0          0          0         0   0   0
19   0.000313212   0   0   0         0          0          0         0   0   0
20   5.13778e-05   0   0   0         0          0          0         0   0   0

:   10  11  12  13  14  15  16  17  18  19  20    :=
0    0   0   0   0   0   0   0   0   0   0   0
1    0   0   0   0   0   0   0   0   0   0   0
2    0   0   0   0   0   0   0   0   0   0   0
3    0   0   0   0   0   0   0   0   0   0   0
4    0   0   0   0   0   0   0   0   0   0   0
5    0   0   0   0   0   0   0   0   0   0   0
6    0   0   0   0   0   0   0   0   0   0   0
7    0   0   0   0   0   0   0   0   0   0   0
8    0   0   0   0   0   0   0   0   0   0   0
9    0   0   0   0   0   0   0   0   0   0   0
10   0   0   0   0   0   0   0   0   0   0   0
11   0   0   0   0   0   0   0   0   0   0   0
12   0   0   0   0   0   0   0   0   0   0   0
13   0   0   0   0   0   0   0   0   0   0   0
14   0   0   0   0   0   0   0   0   0   0   0
15   0   0   0   0   0   0   0   0   0   0   0
16   0   0   0   0   0   0   0   0   0   0   0
17   0   0   0   0   0   0   0   0   0   0   0
18   0   0   0   0   0   0   0   0   0   0   0
19   0   0   0   0   0   0   0   0   0   0   0
20   0   0   0   0   0   0   0   0   0   0   0

 [9,*,*]
:         0        1      2         3      4   5   6   7   8   9  10  11  12 :=
0    0             0   0         2.75348   0   0   0   0   0   0   0   0   0
1    0             0   1.18006   0         0   0   0   0   0   0   0   0   0
2    1.6858        0   0         0         0   0   0   0   0   0   0   0   0
3    2.40829       0   0         0         0   0   0   0   0   0   0   0   0
4    3.44042       0   0         0         0   0   0   0   0   0   0   0   0
5    4.10122       0   0         0         0   0   0   0   0   0   0   0   0
6    4.67302       0   0         0         0   0   0   0   0   0   0   0   0
7    1.45754       0   0         0         0   0   0   0   0   0   0   0   0
8    0.439729      0   0         0         0   0   0   0   0   0   0   0   0
9    0.11376       0   0         0         0   0   0   0   0   0   0   0   0
10   0.0391342     0   0         0         0   0   0   0   0   0   0   0   0
11   0.0305536     0   0         0         0   0   0   0   0   0   0   0   0
12   0.0226891     0   0         0         0   0   0   0   0   0   0   0   0
13   0.0158765     0   0         0         0   0   0   0   0   0   0   0   0
14   0.0103401     0   0         0         0   0   0   0   0   0   0   0   0
15   0.00616402    0   0         0         0   0   0   0   0   0   0   0   0
16   0.00328439    0   0         0         0   0   0   0   0   0   0   0   0
17   0.00150931    0   0         0         0   0   0   0   0   0   0   0   0
18   0.000564122   0   0         0         0   0   0   0   0   0   0   0   0
19   0.000153497   0   0         0         0   0   0   0   0   0   0   0   0
20   2.2994e-05    0   0         0         0   0   0   0   0   0   0   0   0

:   13  14  15  16  17  18  19  20    :=
0    0   0   0   0   0   0   0   0
1    0   0   0   0   0   0   0   0
2    0   0   0   0   0   0   0   0
3    0   0   0   0   0   0   0   0
4    0   0   0   0   0   0   0   0
5    0   0   0   0   0   0   0   0
6    0   0   0   0   0   0   0   0
7    0   0   0   0   0   0   0   0
8    0   0   0   0   0   0   0   0
9    0   0   0   0   0   0   0   0
10   0   0   0   0   0   0   0   0
11   0   0   0   0   0   0   0   0
12   0   0   0   0   0   0   0   0
13   0   0   0   0   0   0   0   0
14   0   0   0   0   0   0   0   0
15   0   0   0   0   0   0   0   0
16   0   0   0   0   0   0   0   0
17   0   0   0   0   0   0   0   0
18   0   0   0   0   0   0   0   0
19   0   0   0   0   0   0   0   0
20   0   0   0   0   0   0   0   0

 [10,*,*]
:    0   1   2   3   4   5   6   7   8   9  10  11  12  13  14  15  16  17  18 :=
0    0   0   0   0   0   0   0   0   0   0   0   0   0   0   0   0   0   0   0
1    0   0   0   0   0   0   0   0   0   0   0   0   0   0   0   0   0   0   0
2    0   0   0   0   0   0   0   0   0   0   0   0   0   0   0   0   0   0   0
3    0   0   0   0   0   0   0   0   0   0   0   0   0   0   0   0   0   0   0
4    0   0   0   0   0   0   0   0   0   0   0   0   0   0   0   0   0   0   0
5    0   0   0   0   0   0   0   0   0   0   0   0   0   0   0   0   0   0   0
6    0   0   0   0   0   0   0   0   0   0   0   0   0   0   0   0   0   0   0
7    0   0   0   0   0   0   0   0   0   0   0   0   0   0   0   0   0   0   0
8    0   0   0   0   0   0   0   0   0   0   0   0   0   0   0   0   0   0   0
9    0   0   0   0   0   0   0   0   0   0   0   0   0   0   0   0   0   0   0
10   0   0   0   0   0   0   0   0   0   0   0   0   0   0   0   0   0   0   0
11   0   0   0   0   0   0   0   0   0   0   0   0   0   0   0   0   0   0   0
12   0   0   0   0   0   0   0   0   0   0   0   0   0   0   0   0   0   0   0
13   0   0   0   0   0   0   0   0   0   0   0   0   0   0   0   0   0   0   0
14   0   0   0   0   0   0   0   0   0   0   0   0   0   0   0   0   0   0   0
15   0   0   0   0   0   0   0   0   0   0   0   0   0   0   0   0   0   0   0
16   0   0   0   0   0   0   0   0   0   0   0   0   0   0   0   0   0   0   0
17   0   0   0   0   0   0   0   0   0   0   0   0   0   0   0   0   0   0   0
18   0   0   0   0   0   0   0   0   0   0   0   0   0   0   0   0   0   0   0
19   0   0   0   0   0   0   0   0   0   0   0   0   0   0   0   0   0   0   0
20   0   0   0   0   0   0   0   0   0   0   0   0   0   0   0   0   0   0   0

:   19  20    :=
0    0   0
1    0   0
2    0   0
3    0   0
4    0   0
5    0   0
6    0   0
7    0   0
8    0   0
9    0   0
10   0   0
11   0   0
12   0   0
13   0   0
14   0   0
15   0   0
16   0   0
17   0   0
18   0   0
19   0   0
20   0   0
;

