y [0,*,*]
:        0       1   2   3       4           5           6       7   8   9  10 :=
0    0           0   0   0   0           0           0.0476191   0   0   0   0
1    0           0   0   0   0           0.0476191   0           0   0   0   0
2    0           0   0   0   0.0476191   0           0           0   0   0   0
3    0.0476191   0   0   0   0           0           0           0   0   0   0
4    0.0476191   0   0   0   0           0           0           0   0   0   0
5    0.0476191   0   0   0   0           0           0           0   0   0   0
6    0.0476191   0   0   0   0           0           0           0   0   0   0
7    0.0476191   0   0   0   0           0           0           0   0   0   0
8    0.0476191   0   0   0   0           0           0           0   0   0   0
9    0.0476191   0   0   0   0           0           0           0   0   0   0
10   0.0476191   0   0   0   0           0           0           0   0   0   0
11   0.0476191   0   0   0   0           0           0           0   0   0   0
12   0.0476191   0   0   0   0           0           0           0   0   0   0
13   0.0476191   0   0   0   0           0           0           0   0   0   0
14   0.0476191   0   0   0   0           0           0           0   0   0   0
15   0.0476191   0   0   0   0           0           0           0   0   0   0
16   0.0476191   0   0   0   0           0           0           0   0   0   0
17   0.0476191   0   0   0   0           0           0           0   0   0   0
18   0.0476191   0   0   0   0           0           0           0   0   0   0
19   0.0476191   0   0   0   0           0           0           0   0   0   0
20   0.0476191   0   0   0   0           0           0           0   0   0   0

:   11  12  13  14  15  16  17  18  19  20    :=
0    0   0   0   0   0   0   0   0   0   0
1    0   0   0   0   0   0   0   0   0   0
2    0   0   0   0   0   0   0   0   0   0
3    0   0   0   0   0   0   0   0   0   0
4    0   0   0   0   0   0   0   0   0   0
5    0   0   0   0   0   0   0   0   0   0
6    0   0   0   0   0   0   0   0   0   0
7    0   0   0   0   0   0   0   0   0   0
8    0   0   0   0   0   0   0   0   0   0
9    0   0   0   0   0   0   0   0   0   0
10   0   0   0   0   0   0   0   0   0   0
11   0   0   0   0   0   0   0   0   0   0
12   0   0   0   0   0   0   0   0   0   0
13   0   0   0   0   0   0   0   0   0   0
14   0   0   0   0   0   0   0   0   0   0
15   0   0   0   0   0   0   0   0   0   0
16   0   0   0   0   0   0   0   0   0   0
17   0   0   0   0   0   0   0   0   0   0
18   0   0   0   0   0   0   0   0   0   0
19   0   0   0   0   0   0   0   0   0   0
20   0   0   0   0   0   0   0   0   0   0

 [1,*,*]
:        0       1   2   3       4           5           6       7   8   9  10 :=
0    0           0   0   0   0           0           0.0711998   0   0   0   0
1    0           0   0   0   0           0.0305142   0           0   0   0   0
2    0           0   0   0   0.0435917   0           0           0   0   0   0
3    0.0622739   0   0   0   0           0           0           0   0   0   0
4    0.0685545   0   0   0   0           0           0           0   0   0   0
5    0.0775269   0   0   0   0           0           0           0   0   0   0
6    0.0903445   0   0   0   0           0           0           0   0   0   0
7    0.0472961   0   0   0   0           0           0           0   0   0   0
8    0.0471577   0   0   0   0           0           0           0   0   0   0
9    0.0469599   0   0   0   0           0           0           0   0   0   0
10   0.0466775   0   0   0   0           0           0           0   0   0   0
11   0.0462739   0   0   0   0           0           0           0   0   0   0
12   0.0456974   0   0   0   0           0           0           0   0   0   0
13   0.0448739   0   0   0   0           0           0           0   0   0   0
14   0.0436974   0   0   0   0           0           0           0   0   0   0
15   0.0420167   0   0   0   0           0           0           0   0   0   0
16   0.0396157   0   0   0   0           0           0           0   0   0   0
17   0.0361857   0   0   0   0           0           0           0   0   0   0
18   0.0312857   0   0   0   0           0           0           0   0   0   0
19   0.0242857   0   0   0   0           0           0           0   0   0   0
20   0.0142857   0   0   0   0           0           0           0   0   0   0

:   11  12  13  14  15  16  17  18  19  20    :=
0    0   0   0   0   0   0   0   0   0   0
1    0   0   0   0   0   0   0   0   0   0
2    0   0   0   0   0   0   0   0   0   0
3    0   0   0   0   0   0   0   0   0   0
4    0   0   0   0   0   0   0   0   0   0
5    0   0   0   0   0   0   0   0   0   0
6    0   0   0   0   0   0   0   0   0   0
7    0   0   0   0   0   0   0   0   0   0
8    0   0   0   0   0   0   0   0   0   0
9    0   0   0   0   0   0   0   0   0   0
10   0   0   0   0   0   0   0   0   0   0
11   0   0   0   0   0   0   0   0   0   0
12   0   0   0   0   0   0   0   0   0   0
13   0   0   0   0   0   0   0   0   0   0
14   0   0   0   0   0   0   0   0   0   0
15   0   0   0   0   0   0   0   0   0   0
16   0   0   0   0   0   0   0   0   0   0
17   0   0   0   0   0   0   0   0   0   0
18   0   0   0   0   0   0   0   0   0   0
19   0   0   0   0   0   0   0   0   0   0
20   0   0   0   0   0   0   0   0   0   0

 [2,*,*]
:        0        1   2   3       4          5           6       7   8   9  10 :=
0    0            0   0   0   0           0          0.0912823   0   0   0   0
1    0            0   0   0   0           0.039121   0           0   0   0   0
2    0            0   0   0   0.0558871   0          0           0   0   0   0
3    0.0798388    0   0   0   0           0          0           0   0   0   0
4    0.0873585    0   0   0   0           0          0           0   0   0   0
5    0.0954057    0   0   0   0           0          0           0   0   0   0
6    0.103051     0   0   0   0           0          0           0   0   0   0
7    0.0459815    0   0   0   0           0          0           0   0   0   0
8    0.0454039    0   0   0   0           0          0           0   0   0   0
9    0.0446362    0   0   0   0           0          0           0   0   0   0
10   0.0436221    0   0   0   0           0          0           0   0   0   0
11   0.0422927    0   0   0   0           0          0           0   0   0   0
12   0.0405646    0   0   0   0           0          0           0   0   0   0
13   0.0383413    0   0   0   0           0          0           0   0   0   0
14   0.0355167    0   0   0   0           0          0           0   0   0   0
15   0.0319844    0   0   0   0           0          0           0   0   0   0
16   0.0276578    0   0   0   0           0          0           0   0   0   0
17   0.0225058    0   0   0   0           0          0           0   0   0   0
18   0.0166165    0   0   0   0           0          0           0   0   0   0
19   0.0103056    0   0   0   0           0          0           0   0   0   0
20   0.00429429   0   0   0   0           0          0           0   0   0   0

:   11  12  13  14  15  16  17  18  19  20    :=
0    0   0   0   0   0   0   0   0   0   0
1    0   0   0   0   0   0   0   0   0   0
2    0   0   0   0   0   0   0   0   0   0
3    0   0   0   0   0   0   0   0   0   0
4    0   0   0   0   0   0   0   0   0   0
5    0   0   0   0   0   0   0   0   0   0
6    0   0   0   0   0   0   0   0   0   0
7    0   0   0   0   0   0   0   0   0   0
8    0   0   0   0   0   0   0   0   0   0
9    0   0   0   0   0   0   0   0   0   0
10   0   0   0   0   0   0   0   0   0   0
11   0   0   0   0   0   0   0   0   0   0
12   0   0   0   0   0   0   0   0   0   0
13   0   0   0   0   0   0   0   0   0   0
14   0   0   0   0   0   0   0   0   0   0
15   0   0   0   0   0   0   0   0   0   0
16   0   0   0   0   0   0   0   0   0   0
17   0   0   0   0   0   0   0   0   0   0
18   0   0   0   0   0   0   0   0   0   0
19   0   0   0   0   0   0   0   0   0   0
20   0   0   0   0   0   0   0   0   0   0

 [3,*,*]
:        0        1   2   3       4           5          6       7   8   9  10 :=
0    0            0   0   0   0           0           0.110341   0   0   0   0
1    0            0   0   0   0           0.0472888   0          0   0   0   0
2    0            0   0   0   0.0675555   0           0          0   0   0   0
3    0.0965078    0   0   0   0           0           0          0   0   0   0
4    0.103641     0   0   0   0           0           0          0   0   0   0
5    0.110605     0   0   0   0           0           0          0   0   0   0
6    0.117098     0   0   0   0           0           0          0   0   0   0
7    0.0429729    0   0   0   0           0           0          0   0   0   0
8    0.0416697    0   0   0   0           0           0          0   0   0   0
9    0.0400537    0   0   0   0           0           0          0   0   0   0
10   0.0380726    0   0   0   0           0           0          0   0   0   0
11   0.0356755    0   0   0   0           0           0          0   0   0   0
12   0.0328197    0   0   0   0           0           0          0   0   0   0
13   0.0294795    0   0   0   0           0           0          0   0   0   0
14   0.0256602    0   0   0   0           0           0          0   0   0   0
15   0.0214147    0   0   0   0           0           0          0   0   0   0
16   0.0168643    0   0   0   0           0           0          0   0   0   0
17   0.0122195    0   0   0   0           0           0          0   0   0   0
18   0.00779475   0   0   0   0           0           0          0   0   0   0
19   0.00400116   0   0   0   0           0           0          0   0   0   0
20   0.00129087   0   0   0   0           0           0          0   0   0   0

:   11  12  13  14  15  16  17  18  19  20    :=
0    0   0   0   0   0   0   0   0   0   0
1    0   0   0   0   0   0   0   0   0   0
2    0   0   0   0   0   0   0   0   0   0
3    0   0   0   0   0   0   0   0   0   0
4    0   0   0   0   0   0   0   0   0   0
5    0   0   0   0   0   0   0   0   0   0
6    0   0   0   0   0   0   0   0   0   0
7    0   0   0   0   0   0   0   0   0   0
8    0   0   0   0   0   0   0   0   0   0
9    0   0   0   0   0   0   0   0   0   0
10   0   0   0   0   0   0   0   0   0   0
11   0   0   0   0   0   0   0   0   0   0
12   0   0   0   0   0   0   0   0   0   0
13   0   0   0   0   0   0   0   0   0   0
14   0   0   0   0   0   0   0   0   0   0
15   0   0   0   0   0   0   0   0   0   0
16   0   0   0   0   0   0   0   0   0   0
17   0   0   0   0   0   0   0   0   0   0
18   0   0   0   0   0   0   0   0   0   0
19   0   0   0   0   0   0   0   0   0   0
20   0   0   0   0   0   0   0   0   0   0

 [4,*,*]
:         0        1   2   3       4           5          6       7   8   9  10 :=
0    0             0   0   0   0           0           0.127441   0   0   0   0
1    0             0   0   0   0           0.0546178   0          0   0   0   0
2    0             0   0   0   0.0780254   0           0          0   0   0   0
3    0.111465      0   0   0   0           0           0          0   0   0   0
4    0.117863      0   0   0   0           0           0          0   0   0   0
5    0.12394       0   0   0   0           0           0          0   0   0   0
6    0.129631      0   0   0   0           0           0          0   0   0   0
7    0.0381252     0   0   0   0           0           0          0   0   0   0
8    0.0360347     0   0   0   0           0           0          0   0   0   0
9    0.0336054     0   0   0   0           0           0          0   0   0   0
10   0.0308264     0   0   0   0           0           0          0   0   0   0
11   0.0277045     0   0   0   0           0           0          0   0   0   0
12   0.0242716     0   0   0   0           0           0          0   0   0   0
13   0.0205912     0   0   0   0           0           0          0   0   0   0
14   0.0167655     0   0   0   0           0           0          0   0   0   0
15   0.0129381     0   0   0   0           0           0          0   0   0   0
16   0.00929142    0   0   0   0           0           0          0   0   0   0
17   0.00603433    0   0   0   0           0           0          0   0   0   0
18   0.00337462    0   0   0   0           0           0          0   0   0   0
19   0.00147426    0   0   0   0           0           0          0   0   0   0
20   0.000388036   0   0   0   0           0           0          0   0   0   0

:   11  12  13  14  15  16  17  18  19  20    :=
0    0   0   0   0   0   0   0   0   0   0
1    0   0   0   0   0   0   0   0   0   0
2    0   0   0   0   0   0   0   0   0   0
3    0   0   0   0   0   0   0   0   0   0
4    0   0   0   0   0   0   0   0   0   0
5    0   0   0   0   0   0   0   0   0   0
6    0   0   0   0   0   0   0   0   0   0
7    0   0   0   0   0   0   0   0   0   0
8    0   0   0   0   0   0   0   0   0   0
9    0   0   0   0   0   0   0   0   0   0
10   0   0   0   0   0   0   0   0   0   0
11   0   0   0   0   0   0   0   0   0   0
12   0   0   0   0   0   0   0   0   0   0
13   0   0   0   0   0   0   0   0   0   0
14   0   0   0   0   0   0   0   0   0   0
15   0   0   0   0   0   0   0   0   0   0
16   0   0   0   0   0   0   0   0   0   0
17   0   0   0   0   0   0   0   0   0   0
18   0   0   0   0   0   0   0   0   0   0
19   0   0   0   0   0   0   0   0   0   0
20   0   0   0   0   0   0   0   0   0   0

 [5,*,*]
:         0        1   2   3       4          5         6       7   8   9  10 :=
0    0             0   0   0   0           0         0.142123   0   0   0   0
1    0             0   0   0   0           0.06091   0          0   0   0   0
2    0             0   0   0   0.0870143   0         0          0   0   0   0
3    0.124306      0   0   0   0           0         0          0   0   0   0
4    0.129795      0   0   0   0           0         0          0   0   0   0
5    0.134889      0   0   0   0           0         0          0   0   0   0
6    0.139555      0   0   0   0           0         0          0   0   0   0
7    0.0319194     0   0   0   0           0         0          0   0   0   0
8    0.0292483     0   0   0   0           0         0          0   0   0   0
9    0.0263275     0   0   0   0           0         0          0   0   0   0
10   0.0231954     0   0   0   0           0         0          0   0   0   0
11   0.0199118     0   0   0   0           0         0          0   0   0   0
12   0.0165589     0   0   0   0           0         0          0   0   0   0
13   0.013241      0   0   0   0           0         0          0   0   0   0
14   0.0100795     0   0   0   0           0         0          0   0   0   0
15   0.00720399    0   0   0   0           0         0          0   0   0   0
16   0.00473821    0   0   0   0           0         0          0   0   0   0
17   0.00278046    0   0   0   0           0         0          0   0   0   0
18   0.00138155    0   0   0   0           0         0          0   0   0   0
19   0.000524768   0   0   0   0           0         0          0   0   0   0
20   0.000116644   0   0   0   0           0         0          0   0   0   0

:   11  12  13  14  15  16  17  18  19  20    :=
0    0   0   0   0   0   0   0   0   0   0
1    0   0   0   0   0   0   0   0   0   0
2    0   0   0   0   0   0   0   0   0   0
3    0   0   0   0   0   0   0   0   0   0
4    0   0   0   0   0   0   0   0   0   0
5    0   0   0   0   0   0   0   0   0   0
6    0   0   0   0   0   0   0   0   0   0
7    0   0   0   0   0   0   0   0   0   0
8    0   0   0   0   0   0   0   0   0   0
9    0   0   0   0   0   0   0   0   0   0
10   0   0   0   0   0   0   0   0   0   0
11   0   0   0   0   0   0   0   0   0   0
12   0   0   0   0   0   0   0   0   0   0
13   0   0   0   0   0   0   0   0   0   0
14   0   0   0   0   0   0   0   0   0   0
15   0   0   0   0   0   0   0   0   0   0
16   0   0   0   0   0   0   0   0   0   0
17   0   0   0   0   0   0   0   0   0   0
18   0   0   0   0   0   0   0   0   0   0
19   0   0   0   0   0   0   0   0   0   0
20   0   0   0   0   0   0   0   0   0   0

 [6,*,*]
:         0        1   2       3           4          5       6   7   8   9  10 :=
0    0             0   0   0           0           0.154098   0   0   0   0   0
1    0             0   0   0           0.0660418   0          0   0   0   0   0
2    0             0   0   0.0943454   0           0          0   0   0   0   0
3    0.134779      0   0   0           0           0          0   0   0   0   0
4    0.139252      0   0   0           0           0          0   0   0   0   0
5    0.143282      0   0   0           0           0          0   0   0   0   0
6    0.14685       0   0   0           0           0          0   0   0   0   0
7    0.025198      0   0   0           0           0          0   0   0   0   0
8    0.0223079     0   0   0           0           0          0   0   0   0   0
9    0.0193234     0   0   0           0           0          0   0   0   0   0
10   0.0163114     0   0   0           0           0          0   0   0   0   0
11   0.0133512     0   0   0           0           0          0   0   0   0   0
12   0.0105302     0   0   0           0           0          0   0   0   0   0
13   0.0079379     0   0   0           0           0          0   0   0   0   0
14   0.00565775    0   0   0           0           0          0   0   0   0   0
15   0.00375667    0   0   0           0           0          0   0   0   0   0
16   0.0022746     0   0   0           0           0          0   0   0   0   0
17   0.00121552    0   0   0           0           0          0   0   0   0   0
18   0.000542803   0   0   0           0           0          0   0   0   0   0
19   0.000182274   0   0   0           0           0          0   0   0   0   0
20   3.50632e-05   0   0   0           0           0          0   0   0   0   0

:   11  12  13  14  15  16  17  18  19  20    :=
0    0   0   0   0   0   0   0   0   0   0
1    0   0   0   0   0   0   0   0   0   0
2    0   0   0   0   0   0   0   0   0   0
3    0   0   0   0   0   0   0   0   0   0
4    0   0   0   0   0   0   0   0   0   0
5    0   0   0   0   0   0   0   0   0   0
6    0   0   0   0   0   0   0   0   0   0
7    0   0   0   0   0   0   0   0   0   0
8    0   0   0   0   0   0   0   0   0   0
9    0   0   0   0   0   0   0   0   0   0
10   0   0   0   0   0   0   0   0   0   0
11   0   0   0   0   0   0   0   0   0   0
12   0   0   0   0   0   0   0   0   0   0
13   0   0   0   0   0   0   0   0   0   0
14   0   0   0   0   0   0   0   0   0   0
15   0   0   0   0   0   0   0   0   0   0
16   0   0   0   0   0   0   0   0   0   0
17   0   0   0   0   0   0   0   0   0   0
18   0   0   0   0   0   0   0   0   0   0
19   0   0   0   0   0   0   0   0   0   0
20   0   0   0   0   0   0   0   0   0   0

 [7,*,*]
:         0        1   2      3           4          5       6   7   8   9  10 :=
0    0             0   0   0          0           0.179252   0   0   0   0   0
1    0             0   0   0          0.0768221   0          0   0   0   0   0
2    0             0   0   0.109746   0           0          0   0   0   0   0
3    0.15678       0   0   0          0           0          0   0   0   0   0
4    0.166191      0   0   0          0           0          0   0   0   0   0
5    0.177713      0   0   0          0           0          0   0   0   0   0
6    0.0572402     0   0   0          0           0          0   0   0   0   0
7    0.0187982     0   0   0          0           0          0   0   0   0   0
8    0.0160479     0   0   0          0           0          0   0   0   0   0
9    0.0133574     0   0   0          0           0          0   0   0   0   0
10   0.010793      0   0   0          0           0          0   0   0   0   0
11   0.00842102    0   0   0          0           0          0   0   0   0   0
12   0.00630178    0   0   0          0           0          0   0   0   0   0
13   0.00448419    0   0   0          0           0          0   0   0   0   0
14   0.0029996     0   0   0          0           0          0   0   0   0   0
15   0.00185699    0   0   0          0           0          0   0   0   0   0
16   0.00104043    0   0   0          0           0          0   0   0   0   0
17   0.000509931   0   0   0          0           0          0   0   0   0   0
18   0.000206649   0   0   0          0           0          0   0   0   0   0
19   6.21642e-05   0   0   0          0           0          0   0   0   0   0
20   1.054e-05     0   0   0          0           0          0   0   0   0   0

:   11  12  13  14  15  16  17  18  19  20    :=
0    0   0   0   0   0   0   0   0   0   0
1    0   0   0   0   0   0   0   0   0   0
2    0   0   0   0   0   0   0   0   0   0
3    0   0   0   0   0   0   0   0   0   0
4    0   0   0   0   0   0   0   0   0   0
5    0   0   0   0   0   0   0   0   0   0
6    0   0   0   0   0   0   0   0   0   0
7    0   0   0   0   0   0   0   0   0   0
8    0   0   0   0   0   0   0   0   0   0
9    0   0   0   0   0   0   0   0   0   0
10   0   0   0   0   0   0   0   0   0   0
11   0   0   0   0   0   0   0   0   0   0
12   0   0   0   0   0   0   0   0   0   0
13   0   0   0   0   0   0   0   0   0   0
14   0   0   0   0   0   0   0   0   0   0
15   0   0   0   0   0   0   0   0   0   0
16   0   0   0   0   0   0   0   0   0   0
17   0   0   0   0   0   0   0   0   0   0
18   0   0   0   0   0   0   0   0   0   0
19   0   0   0   0   0   0   0   0   0   0
20   0   0   0   0   0   0   0   0   0   0

 [8,*,*]
:         0        1       2          3       4   5   6   7   8   9  10  11  12 :=
0    0             0   0           0.195657   0   0   0   0   0   0   0   0   0
1    0             0   0.0838532   0          0   0   0   0   0   0   0   0   0
2    0.11979       0   0           0          0   0   0   0   0   0   0   0   0
3    0.171129      0   0           0          0   0   0   0   0   0   0   0   0
4    0.177258      0   0           0          0   0   0   0   0   0   0   0   0
5    0.181973      0   0           0          0   0   0   0   0   0   0   0   0
6    0.0264937     0   0           0          0   0   0   0   0   0   0   0   0
7    0.0133018     0   0           0          0   0   0   0   0   0   0   0   0
8    0.0109406     0   0           0          0   0   0   0   0   0   0   0   0
9    0.0087463     0   0           0          0   0   0   0   0   0   0   0   0
10   0.00676497    0   0           0          0   0   0   0   0   0   0   0   0
11   0.00503402    0   0           0          0   0   0   0   0   0   0   0   0
12   0.00357848    0   0           0          0   0   0   0   0   0   0   0   0
13   0.00240811    0   0           0          0   0   0   0   0   0   0   0   0
14   0.00151587    0   0           0          0   0   0   0   0   0   0   0   0
15   0.000878181   0   0           0          0   0   0   0   0   0   0   0   0
16   0.000457497   0   0           0          0   0   0   0   0   0   0   0   0
17   0.000206956   0   0           0          0   0   0   0   0   0   0   0   0
18   7.67382e-05   0   0           0          0   0   0   0   0   0   0   0   0
19   2.09026e-05   0   0           0          0   0   0   0   0   0   0   0   0
20   3.16833e-06   0   0           0          0   0   0   0   0   0   0   0   0

:   13  14  15  16  17  18  19  20    :=
0    0   0   0   0   0   0   0   0
1    0   0   0   0   0   0   0   0
2    0   0   0   0   0   0   0   0
3    0   0   0   0   0   0   0   0
4    0   0   0   0   0   0   0   0
5    0   0   0   0   0   0   0   0
6    0   0   0   0   0   0   0   0
7    0   0   0   0   0   0   0   0
8    0   0   0   0   0   0   0   0
9    0   0   0   0   0   0   0   0
10   0   0   0   0   0   0   0   0
11   0   0   0   0   0   0   0   0
12   0   0   0   0   0   0   0   0
13   0   0   0   0   0   0   0   0
14   0   0   0   0   0   0   0   0
15   0   0   0   0   0   0   0   0
16   0   0   0   0   0   0   0   0
17   0   0   0   0   0   0   0   0
18   0   0   0   0   0   0   0   0
19   0   0   0   0   0   0   0   0
20   0   0   0   0   0   0   0   0

 [9,*,*]
:         0        1      2       3   4   5   6   7   8   9  10  11  12  13  14 :=
0    0             0   0.292335   0   0   0   0   0   0   0   0   0   0   0   0
1    0.125287      0   0          0   0   0   0   0   0   0   0   0   0   0   0
2    0.178981      0   0          0   0   0   0   0   0   0   0   0   0   0   0
3    0.204338      0   0          0   0   0   0   0   0   0   0   0   0   0   0
4    0.0984044     0   0          0   0   0   0   0   0   0   0   0   0   0   0
5    0.0645794     0   0          0   0   0   0   0   0   0   0   0   0   0   0
6    0.0142289     0   0          0   0   0   0   0   0   0   0   0   0   0   0
7    0.00896572    0   0          0   0   0   0   0   0   0   0   0   0   0   0
8    0.00710338    0   0          0   0   0   0   0   0   0   0   0   0   0   0
9    0.0054551     0   0          0   0   0   0   0   0   0   0   0   0   0   0
10   0.00404121    0   0          0   0   0   0   0   0   0   0   0   0   0   0
11   0.00287098    0   0          0   0   0   0   0   0   0   0   0   0   0   0
12   0.00194158    0   0          0   0   0   0   0   0   0   0   0   0   0   0
13   0.00123822    0   0          0   0   0   0   0   0   0   0   0   0   0   0
14   0.000735489   0   0          0   0   0   0   0   0   0   0   0   0   0   0
15   0.000400131   0   0          0   0   0   0   0   0   0   0   0   0   0   0
16   0.000194688   0   0          0   0   0   0   0   0   0   0   0   0   0   0
17   8.17418e-05   0   0          0   0   0   0   0   0   0   0   0   0   0   0
18   2.79275e-05   0   0          0   0   0   0   0   0   0   0   0   0   0   0
19   6.94938e-06   0   0          0   0   0   0   0   0   0   0   0   0   0   0
20   9.52403e-07   0   0          0   0   0   0   0   0   0   0   0   0   0   0

:   15  16  17  18  19  20    :=
0    0   0   0   0   0   0
1    0   0   0   0   0   0
2    0   0   0   0   0   0
3    0   0   0   0   0   0
4    0   0   0   0   0   0
5    0   0   0   0   0   0
6    0   0   0   0   0   0
7    0   0   0   0   0   0
8    0   0   0   0   0   0
9    0   0   0   0   0   0
10   0   0   0   0   0   0
11   0   0   0   0   0   0
12   0   0   0   0   0   0
13   0   0   0   0   0   0
14   0   0   0   0   0   0
15   0   0   0   0   0   0
16   0   0   0   0   0   0
17   0   0   0   0   0   0
18   0   0   0   0   0   0
19   0   0   0   0   0   0
20   0   0   0   0   0   0

 [10,*,*]
:    0   1   2   3   4   5   6   7   8   9  10  11  12  13  14  15  16  17  18 :=
0    0   0   0   0   0   0   0   0   0   0   0   0   0   0   0   0   0   0   0
1    0   0   0   0   0   0   0   0   0   0   0   0   0   0   0   0   0   0   0
2    0   0   0   0   0   0   0   0   0   0   0   0   0   0   0   0   0   0   0
3    0   0   0   0   0   0   0   0   0   0   0   0   0   0   0   0   0   0   0
4    0   0   0   0   0   0   0   0   0   0   0   0   0   0   0   0   0   0   0
5    0   0   0   0   0   0   0   0   0   0   0   0   0   0   0   0   0   0   0
6    0   0   0   0   0   0   0   0   0   0   0   0   0   0   0   0   0   0   0
7    0   0   0   0   0   0   0   0   0   0   0   0   0   0   0   0   0   0   0
8    0   0   0   0   0   0   0   0   0   0   0   0   0   0   0   0   0   0   0
9    0   0   0   0   0   0   0   0   0   0   0   0   0   0   0   0   0   0   0
10   0   0   0   0   0   0   0   0   0   0   0   0   0   0   0   0   0   0   0
11   0   0   0   0   0   0   0   0   0   0   0   0   0   0   0   0   0   0   0
12   0   0   0   0   0   0   0   0   0   0   0   0   0   0   0   0   0   0   0
13   0   0   0   0   0   0   0   0   0   0   0   0   0   0   0   0   0   0   0
14   0   0   0   0   0   0   0   0   0   0   0   0   0   0   0   0   0   0   0
15   0   0   0   0   0   0   0   0   0   0   0   0   0   0   0   0   0   0   0
16   0   0   0   0   0   0   0   0   0   0   0   0   0   0   0   0   0   0   0
17   0   0   0   0   0   0   0   0   0   0   0   0   0   0   0   0   0   0   0
18   0   0   0   0   0   0   0   0   0   0   0   0   0   0   0   0   0   0   0
19   0   0   0   0   0   0   0   0   0   0   0   0   0   0   0   0   0   0   0
20   0   0   0   0   0   0   0   0   0   0   0   0   0   0   0   0   0   0   0

:   19  20    :=
0    0   0
1    0   0
2    0   0
3    0   0
4    0   0
5    0   0
6    0   0
7    0   0
8    0   0
9    0   0
10   0   0
11   0   0
12   0   0
13   0   0
14   0   0
15   0   0
16   0   0
17   0   0
18   0   0
19   0   0
20   0   0
;

