0   0   0.07888901774475926      0.059389047597858104   0                       0                        0                       0                        0                        0.023531627459316765    0                        0.0195318337246638       0                         0.01642974212992778      0
0   0   0                        0                      0.0011449928238420211   0.0014928113667564255    0.0018017927183293693   0.002070206148823771     0.0023027955685464923    0.0024296162337010276   0                        0                        0.002503025223094385      0.0024651866374351796    0
0   0   4.4427581856732304e-05   0                      0                       0.00047754938236130567   0.0006392595030259126   0.0007905707936495106    0.0009291287576400204    0                       0                        0.0011080980982550116    0                         0                        0
0   0   0                        0                      0                       0                        0.0001984847478177429   0.0002724976635683459    0                        0.0004141121010050235   0                        0                        0.0005218934484887784     0.0005361301354226556    0.0005457710682638166
0   0   0                        0                      0                       0                        5.105722094813723e-05   0                        0.00011567321850139725   0                       0                        0                        0.00019087018192491125    0                        0
0   0   0                        0                      0                       0                        9.670558987473099e-06   2.0544309184980205e-05   3.39692570776399e-05     0                       0                        7.148424519484827e-05    7.940484419758971e-05     8.532059225280907e-05    0
0   0   0                        0                      0                       0                        9.221115497154343e-07   0                        0                        0                       1.8923676447827723e-05   2.3634875949431585e-05   2.742982173835729e-05     0                        0
0   0   0                        0                      0                       0                        0                       3.499984799621958e-07    0                        3.307917100947291e-06   5.076199472477364e-06    0                        8.524754942878978e-06     9.892135469145177e-06    1.1091193329780376e-05
0   0   0                        0                      0                       0                        0                       0                        0                        0                       0                        0                        2.3255030373990223e-06    2.8911472758616216e-06   0
0   0   0                        0                      0                       0                        0                       0                        0                        0                       1.5711976741012178e-07   0                        0                         7.334907107567597e-07    0
0   0   0                        0                      0                       0                        0                       0                        0                        0                       0                        0                        0                         1.742326096055249e-07    2.394868478490903e-07
0   0   0                        0                      0                       0                        0                       0                        0                        0                       0                        0                        0                         0                        4.099071887000061e-08
0   0   0                        0                      0                       0                        0                       0                        0                        0                       0                        0                        0                         2.1969435866901436e-10   0
0   0   0                        0                      0                       0                        0                       0                        0                        0                       0                        0                        0                        -3.1034466094305377e-11   0
0   0   0                        0                      0                       0                        0                       0                        0                        0                       0                        0                        0                         0                        0
0   0   0                        0                      0                       0                        0                       0                        0                        0                       0                        0                        0                         0                        0
0.166666666666667   0.1109592790201547       0                        0                        0.04695307148914647     0.03868858953029957      0.032999158710293124   0.028962202211810766     0.026021139585176028     0                        0.021398818531604587     0                         0.01788578130550441      0                         0.01513731234921875
0                   0.00011704961221673222   0.00041485028416254357   0.0007736829583925033    0                       0                        0                      0                        0                        0                        0.0025016702054128158    0.0025194722158718296     0                        0                         0.002415846810990629
0                   0                        0                        0.0001623083841750428    0.0003133777607506046   0                        0                      0                        0                        0.0010169413768762348    0.0010750550241480352    0                         0.0011215789047774698    0.0011234026645869444     0.001120431247766918
0                   0                        0                        1.6863020664962903e-05   6.34458243184256e-05    0.0001266308667370391    0                      0                        0.0003448931903655255    0                        0.00046202196634911473   0.0004986957686431809     0                        0                         0
0                   0                        0                        0                        6.400561409440639e-06   2.4779915246009783e-05   0                      8.223339133851977e-05    0                        0.00014117721717620186   0.0001612777273019662    0.00017841371198381304    0                        0.00019997973852569457    0.00020722277069240645
0                   0                        0                        0                        0                       2.4294097226092004e-06   0                      0                        0                        4.891423127671162e-05    6.0999710162187394e-05   0                         0                        0                         8.9884028206739e-05
0                   0                        0                        0                        0                       0                        0                      3.7711776297542164e-06   8.250976989808315e-06    1.3993721621050913e-05   0                        0                         0                        3.0481412360130337e-05    3.3001428549398155e-05
0                   0                        0                        0                        0                       0                        0                      0                        1.469580004403256e-06    0                        0                        6.9250890599971266e-06    0                        0                         0
0                   0                        0                        0                        0                       0                        0                      0                        1.3284611391501495e-07   5.722900256641646e-07    1.080680642620189e-06    1.7170455698759382e-06    0                        0                         3.421948282479785e-06
0                   0                        0                        0                        0                       0                        0                      0                        0                        5.0423333221982405e-08   0                        3.376752040029565e-07     5.325643329689874e-07    0                         9.380103462260621e-07
0                   0                        0                        0                        0                       0                        0                      0                        0                        0                        1.9138779888146255e-08   6.428365415697659e-08     1.1600358315703228e-07   0                         0
0                   0                        0                        0                        0                       0                        0                      0                        0                        0                        0                        7.264353072303908e-09     1.549206157567409e-08    2.6173927506924195e-08    0
0                   0                        0                        0                        0                       0                        0                      0                        0                        0                        0                        0                        -4.17971149567421e-11     0                         1.8562735586523503e-09
0                   0                        0                        0                        0                       0                        0                      0                        0                        0                        0                        0                         0                        0                         1.63741392449302e-10
0                   0                        0                        0                        0                       0                        0                      0                        0                        0                        0                        0                         0                        0                        -2.304317144270337e-11
0                   0                        0                        0                        0                       0                        0                      0                        0                        0                        0                        0                         0                        0                         0
0.166666666666667   0.18929539912750237     0.18276397669374017    0.1686735730430431       0.15409774890430145     0.14121846668448756     0.13047790985816046      0.12171673576429595      0.11460420664030416      0.105374402930404        0.09673901081662001      0.08895735027650084      0.08202852351833831      0.07585507449163752      0.07032369246542448
0                   0.0017508452161956545   0.004802451780819055   0.007309731316412266     0.009300278002664366    0.010874595021638145    0.012148430568840867     0.013217033889699576     0.014148559533983992     0.014097975835236535     0.014032119435946044     0.013716927657160623     0.013352774689328288     0.012987920724134789     0.012641661549919837
0                   0                       0.000664554266245413   0.0018953300843282531    0.0030113324328411204   0.003965580071766043    0.0047746633945680165    0.005473027923636046     0.00609326270412765      0.006211789402427086     0.006271731747168551     0.006256557976569227     0.006178020848693739     0.00610736996910901      0.006072477365233281
0                   0                       0                      0.00025223952905704917   0.0007469142328273726   0.0012358836559925354   0.001681880513311233     0.0020822486203796653    0.0024456617605917923    0.0027825325807287644    0.002898912377194688     0.00300513987658343      0.003026144333937728     0.003033298929204197     0.0030652621241372556
0                   0                       0                      0                        9.574053354346531e-05   0.0002939454083378966   0.0005054939251866175    0.0007098889727936468    0.0009025947141316235    0.0009862651731164646    0.0010455767024921587    0.0011156236087099885    0.001146964168680611     0.0011681693632704698    0.001201226275915194
0                   0                       0                      0                        0                       3.633946589360414e-05   0.00011553508791231138   0.00020611466394626076   0.0002983235510973222    0.00038911922061446176   0.0004369259197908538    0.0004797309937065178    0.0005013861806497949    0.0005159063235233366    0.00053267292858974
0                   0                       0                      0                        0                       0                       1.3793079404899051e-05   4.535753306123395e-05    8.380560894701249e-05    0.00012486876643676197   0.00014733960699861648   0.0001705279207671229    0.00018363140599085253   0.00019342743675971187   0.0002038468590895231
0                   0                       0                      0                        0                       0                       0                        5.235328445026343e-06    1.7787162309826045e-05   3.3986776864302234e-05   4.4253809995782434e-05   5.477764989462079e-05    6.13124174292367e-05     6.653478054100363e-05    7.216856474222854e-05
0                   0                       0                      0                        0                       0                       0                        0                        1.9871315985875415e-06   6.968123911457458e-06    1.0925806791158552e-05   1.5519920711399054e-05   1.8591748696673362e-05   2.1171100010512917e-05   2.398977052166996e-05
0                   0                       0                      0                        0                       0                       0                        0                        0                        7.542395919507986e-07    1.965660807521975e-06    3.6882017069331255e-06   4.908991895048888e-06    6.006431510552869e-06    7.244037303550877e-06
0                   0                       0                      0                        0                       0                       0                        0                        0                        0                        2.8628066831128184e-07   8.156000796347892e-07    1.1891604153065426e-06   1.5582237742299527e-06   2.0215324464410668e-06
0                   0                       0                      0                        0                       0                       0                        0                        0                        0                        0                        1.08661255552467e-07     1.7871364226877522e-07   2.647803748513874e-07    4.068825102112574e-07
0                   0                       0                      0                        0                       0                       0                        0                        0                        0                        0                        0                        0                        7.987751864156863e-09    4.019967625289343e-08
0                   0                       0                      0                        0                       0                       0                        0                        0                        0                        0                        0                        0                        0                        5.96070772674097e-09
0                   0                       0                      0                        0                       0                       0                        0                        0                        0                        0                        0                        0                        0                        0
0                   0                       0                      0                        0                       0                       0                        0                        0                        0                        0                        0                        0                        0                        0
0   0   0   0   0   0   0   0   0   0   0   0   0   0   0
0   0   0   0   0   0   0   0   0   0   0   0   0   0   0
0   0   0   0   0   0   0   0   0   0   0   0   0   0   0
0   0   0   0   0   0   0   0   0   0   0   0   0   0   0
0   0   0   0   0   0   0   0   0   0   0   0   0   0   0
0   0   0   0   0   0   0   0   0   0   0   0   0   0   0
0   0   0   0   0   0   0   0   0   0   0   0   0   0   0
0   0   0   0   0   0   0   0   0   0   0   0   0   0   0
0   0   0   0   0   0   0   0   0   0   0   0   0   0   0
0   0   0   0   0   0   0   0   0   0   0   0   0   0   0
0   0   0   0   0   0   0   0   0   0   0   0   0   0   0
0   0   0   0   0   0   0   0   0   0   0   0   0   0   0
0   0   0   0   0   0   0   0   0   0   0   0   0   0   0
0   0   0   0   0   0   0   0   0   0   0   0   0   0   0
0   0   0   0   0   0   0   0   0   0   0   0   0   0   0
0   0   0   0   0   0   0   0   0   0   0   0   0   0   0
0.166666666666667   0.20424844977329537    0.22960599390499106    0.2414532377159802      0.24449359544431096     0.2427794214311043       0.2387985562412721      0.23388479250100444      0.22869518044137752     0.2096072584945306      0.19340134872586007      0.17946491876691034      0.1671335131839963       0.1559848175989131       0.14576777772054728
0                   0.010677992309834823   0.021745057175238537   0.02719847710645717     0.03035292749986328     0.03253736544358607      0.03430416653143487     0.03589677577026862      0.037421736489640665    0.0353017480260993      0.034863308591946425     0.033365284127408724     0.03215429953345643      0.031178116366186413     0.030349286858439684
0                   0                      0.004052959838366126   0.00869576947546687     0.011455523516945941    0.01329374955133244      0.014703836410357314    0.01591515410311154      0.01703685415470374     0.016297282457124078    0.016121240131542095     0.015834659800720498     0.015456715102849362     0.015355791582999608     0.01545673144291217
0                   0                      0                      0.0015383494363710468   0.0034684153510785866   0.004796061537057482     0.0057752048279995465   0.006579680002999527     0.0073001860379176935   0.007983125891052345    0.007873858882561738     0.008085325644983099     0.007908987347356098     0.007913154853236133     0.008176225538060479
0                   0                      0                      0                       0.0005838989486106367   0.001380181193464362     0.001997388788697584    0.0024910920763124684    0.002919121957361444    0.0029144681653060166   0.00295575021740863      0.003153694860620829     0.003126715262366398     0.00315769323681112      0.003366068086431871
0                   0                      0                      0                       0                       0.00022162583749039282   0.0005480433889932879   0.0008279479719018858    0.0010677399121091814   0.0012853246719122834   0.0013352409485251166    0.0014247705957789894    0.0014141870653132586    0.0014232912996669635    0.0015065171712391654
0                   0                      0                      0                       0                       0                        8.412074034418503e-05   0.0002171938939637404    0.0003417579884191718   0.0004550774121907913   0.00048253535496455826   0.0005424212020114791    0.000547687925758209     0.0005601970721259464    0.0006003476922956652
0                   0                      0                      0                       0                       0                        0                       3.1929034250623176e-05   8.592195925605337e-05   0.0001405364872811049   0.00016117936237938261   0.00018940287662727153   0.00019517677567204087   0.00020422100685491758   0.00022573771199281616
0                   0                      0                      0                       0                       0                        0                       0                        1.211904726475627e-05   3.393488076414264e-05   4.611282752987431e-05    6.101108931522493e-05    6.526732074447771e-05    7.055486706254611e-05    8.141407596090974e-05
0                   0                      0                      0                       0                       0                        0                       0                        0                       4.599929501548574e-06   1.0287221742837459e-05   1.7232180066153123e-05   1.9577566264964053e-05   2.22500308939844e-05     2.7262078923614698e-05
0                   0                      0                      0                       0                       0                        0                       0                        0                       0                       1.7459583213897514e-06   4.328563197029269e-06    5.227352512749284e-06    6.362832616155026e-06    8.483807960960182e-06
0                   0                      0                      0                       0                       0                        0                       0                        0                       0                       0                        6.626993868066628e-07    8.908971654617582e-07    1.2847772207161745e-06   2.126554655259409e-06
0                   0                      0                      0                       0                       0                        0                       0                        0                       0                       0                        0                        1.206722604173244e-08    1.0721666461233846e-07   3.9025594492010066e-07
0                   0                      0                      0                       0                       0                        0                       0                        0                       0                       0                        0                        0                        8.95994658559694e-09     8.018673953800259e-08
0                   0                      0                      0                       0                       0                        0                       0                        0                       0                       0                        0                        0                        0                        6.6527835427225276e-09
0                   0                      0                      0                       0                       0                        0                       0                        0                       0                       0                        0                        0                        0                        0
0   0   0   0   0   0   0   0   0   0   0   0   0   0   0
0   0   0   0   0   0   0   0   0   0   0   0   0   0   0
0   0   0   0   0   0   0   0   0   0   0   0   0   0   0
0   0   0   0   0   0   0   0   0   0   0   0   0   0   0
0   0   0   0   0   0   0   0   0   0   0   0   0   0   0
0   0   0   0   0   0   0   0   0   0   0   0   0   0   0
0   0   0   0   0   0   0   0   0   0   0   0   0   0   0
0   0   0   0   0   0   0   0   0   0   0   0   0   0   0
0   0   0   0   0   0   0   0   0   0   0   0   0   0   0
0   0   0   0   0   0   0   0   0   0   0   0   0   0   0
0   0   0   0   0   0   0   0   0   0   0   0   0   0   0
0   0   0   0   0   0   0   0   0   0   0   0   0   0   0
0   0   0   0   0   0   0   0   0   0   0   0   0   0   0
0   0   0   0   0   0   0   0   0   0   0   0   0   0   0
0   0   0   0   0   0   0   0   0   0   0   0   0   0   0
0   0   0   0   0   0   0   0   0   0   0   0   0   0   0
0.166666666666667   0.20114316929399487   0.21183709983732385    0.22233951718208603    0.23170947273022674     0.23875258188886492     0.24327975731868676     0.24557801932844203     0.24607064963777575      0.228033921878552        0.2156474861867807       0.20451462059713366      0.19370653625722112      0.18310546294490687      0.17276701349332094
0                   0.0337084565222191    0.0452489069735841     0.04668399737359435    0.04688996692370091     0.047287396633299325    0.04804589150057183     0.04912247465261284     0.050436030444130614     0.0474513496425479       0.04952924247652672      0.04741578095991924      0.04620194242973415      0.04525495522129015      0.04435834560305312
0                   0                     0.012794448294557541   0.018570622130106847   0.02032420436291653     0.02126481589359111     0.022119956738821535    0.02304545818881999     0.024065145781904475     0.02292239209311429      0.02351274280664944      0.023524810855639622     0.02365237230954962      0.02442000219929249      0.025252589625950332
0                   0                     0                      0.004856286049591267   0.007578516489456552    0.008760755242220494    0.009525451816909513    0.01020217047257316     0.010882842673089806     0.01159250120320558      0.011641614267728582     0.012565532500176849     0.012383094529916039     0.013251795199198951     0.014604893202393466
0                   0                     0                      0                      0.0018432615187859744   0.003077614114326374    0.0037443854889121567   0.004222257135072463    0.004649545989571583     0.004578273708872423     0.004685650177566978     0.005226721539249355     0.005081531106633059     0.005516567232645772     0.006707908593119797
0                   0                     0                      0                      0                       0.0006996319804767555   0.0012444742280235306   0.001588641798686495    0.0018546276853509836    0.002097295094729348     0.0022016308676161707    0.002416373159878796     0.0023411167868927687    0.002462640472319532     0.003003571005319415
0                   0                     0                      0                      0                       0                       0.0002655536955104537   0.0005013266575449862   0.0006696933160354302    0.0008081910075902705    0.0008395802587981447    0.000981668625961332     0.0009570180846139847    0.0010225140047550611    0.001225504443996751
0                   0                     0                      0                      0                       0                       0                       0.0001007940848432981   0.00020128103937914056   0.0002807086162007201    0.0003105797088420618    0.0003672987374666073    0.00036295381775881634   0.00039844483470455935   0.0004973061343917268
0                   0                     0                      0                      0                       0                       0                       0                       3.8257601800152845e-05   8.05724832552996e-05     0.00010293515174146319   0.00013257335333119783   0.00013208633641463552   0.00015015241850243444   0.00019650562431193933
0                   0                     0                      0                      0                       0                       0                       0                       0                        1.4521130855789278e-05   2.8356469340666792e-05   4.325530229825461e-05    4.442373118340166e-05    5.24379329559103e-05     7.377336857076848e-05
0                   0                     0                      0                      0                       0                       0                       0                       0                        0                        5.51166909082401e-06     1.2101290700867583e-05   1.3144774284897882e-05   1.6978545663060207e-05   2.585052088520337e-05
0                   0                     0                      0                      0                       0                       0                       0                       0                        0                        0                        2.0920199995741713e-06   2.666751953042511e-06    4.372991047922092e-06    8.185272835134958e-06
0                   0                     0                      0                      0                       0                       0                       0                       0                        0                        0                        0                        1.5551900300026654e-07   7.715049138324871e-07    2.2538945019305364e-06
0                   0                     0                      0                      0                       0                       0                       0                       0                        0                        0                        0                        0                        1.1547326246385852e-07   5.78527222542005e-07
0                   0                     0                      0                      0                       0                       0                       0                       0                        0                        0                        0                        0                        0                        8.573919641205716e-08
0                   0                     0                      0                      0                       0                       0                       0                       0                        0                        0                        0                        0                        0                        0
0   0   0   0   0   0   0   0   0   0   0   0   0   0   0
0   0   0   0   0   0   0   0   0   0   0   0   0   0   0
0   0   0   0   0   0   0   0   0   0   0   0   0   0   0
0   0   0   0   0   0   0   0   0   0   0   0   0   0   0
0   0   0   0   0   0   0   0   0   0   0   0   0   0   0
0   0   0   0   0   0   0   0   0   0   0   0   0   0   0
0   0   0   0   0   0   0   0   0   0   0   0   0   0   0
0   0   0   0   0   0   0   0   0   0   0   0   0   0   0
0   0   0   0   0   0   0   0   0   0   0   0   0   0   0
0   0   0   0   0   0   0   0   0   0   0   0   0   0   0
0   0   0   0   0   0   0   0   0   0   0   0   0   0   0
0   0   0   0   0   0   0   0   0   0   0   0   0   0   0
0   0   0   0   0   0   0   0   0   0   0   0   0   0   0
0   0   0   0   0   0   0   0   0   0   0   0   0   0   0
0   0   0   0   0   0   0   0   0   0   0   0   0   0   0
0   0   0   0   0   0   0   0   0   0   0   0   0   0   0
0   0   0   0   0   0   0   0   0.11099761952587937     0.1300800132955359       0.13456246359724183      0.13320043777562965      0.12920003744308717      0.12393714452409937      0.11808542469180516
0   0   0   0   0   0   0   0   0.028855374317680503    0.034337284311012746     0.04197388926536563      0.04390957248729629      0.044542614080585394     0.04442917905466968      0.043855906564869346
0   0   0   0   0   0   0   0   0.014540543610580289    0.01746985878226449      0.02016858875146483      0.022572214471632684     0.026649099926088517     0.029092622282201795     0.030556953122810603
0   0   0   0   0   0   0   0   0                       0.007302190756345372     0.009617698416889128     0.011674947945109551     0.013748150492839149     0.017988240631378903     0.02089291844381368
0   0   0   0   0   0   0   0   0.0031997991686457507   0.003913712140972832     0.004283615879065569     0.005186754005308164     0.005572199114644145     0.008006754587330545     0.01188131232626129
0   0   0   0   0   0   0   0   0                       0.0015001573090366277    0.0020260157763465738    0.0024024071592986807    0.0025880499796521795    0.003323755400238794     0.005435648980446827
0   0   0   0   0   0   0   0   0                       0.0006347363403048059    0.0007992982893694933    0.0010385434949413438    0.0011147703730433115    0.0014647392075234464    0.0021619124661517667
0   0   0   0   0   0   0   0   0                       0.0002534917875862585    0.0003261235056119439    0.00040689018510264163   0.0004563723924413774    0.0006157444530447802    0.0009464461830590003
0   0   0   0   0   0   0   0   0                       9.153364751405813e-05    0.00012430734298567644   0.00016054236658984117   0.00017648558146051064   0.0002552329116819038    0.0004033517644262463
0   0   0   0   0   0   0   0   0                       2.4677774004867883e-05   4.152341780706533e-05    5.845043213925496e-05    6.611941811990561e-05    9.667285958335535e-05    0.00016764509110660415
0   0   0   0   0   0   0   0   0                       0                        9.366744612644536e-06    1.8034989955418835e-05   2.2217447302027402e-05   3.58046017817598e-05     6.367843911717322e-05
0   0   0   0   0   0   0   0   0                       0                        0                        3.5552600741541294e-06   5.791377839397684e-06    1.1693513052775495e-05   2.365633906872375e-05
0   0   0   0   0   0   0   0   0                       0                        0                        0                        8.465532947869407e-07    3.1445044473848662e-06   8.00648717092192e-06
0   0   0   0   0   0   0   0   0                       0                        0                        0                        0                        6.285680136363082e-07    2.3635899561102173e-06
0   0   0   0   0   0   0   0   0                       0                        0                        0                        0                        0                        4.667133778814621e-07
0   0   0   0   0   0   0   0   0                       0                        0                        0                        0                        0                        0
0.166666666666667   0.10760742199090755    0.09719333796005855    0.09672442226990705    0.09967277478558981     0.10347925867855992    0.10689599457812476      0.10943104496357234      0                       0   0   0   0   0   0
0                   0.057285460779151115   0.03690115446034537    0.030754688476636465   0.02860163408342621     0.027891151789014763   0.027882827786946687     0.028262308221681957     0                       0   0   0   0   0   0
0                   0                      0.021743382568870647   0.016378449808796477   0.014443648947490373    0.013869216555893887   0.01385075869704163      0.014114632635780179     0                       0   0   0   0   0   0
0                   0                      0                      0.008252961207014206   0.007117024081763668    0.006632006212619782   0.006574055543521802     0.006719987554371703     0.006977152187535829    0   0   0   0   0   0
0                   0                      0                      0                      0.0031325102462205854   0.003043104505911984   0.0029909421331038902    0.003059558678004565     0                       0   0   0   0   0   0
0                   0                      0                      0                      0                       0.001188981772304611   0.0012847631193149303    0.0013291925109302763    0.001402504165417702    0   0   0   0   0   0
0                   0                      0                      0                      0                       0                      0.00045129226842218146   0.0005368826255874672    0.0005834964507068685   0   0   0   0   0   0
0                   0                      0                      0                      0                       0                      0                        0.00017129338420628066   0.0002224681147399553   0   0   0   0   0   0
0                   0                      0                      0                      0                       0                      0                        0                        6.501645502464434e-05   0   0   0   0   0   0
0                   0                      0                      0                      0                       0                      0                        0                        0                       0   0   0   0   0   0
0                   0                      0                      0                      0                       0                      0                        0                        0                       0   0   0   0   0   0
0                   0                      0                      0                      0                       0                      0                        0                        0                       0   0   0   0   0   0
0                   0                      0                      0                      0                       0                      0                        0                        0                       0   0   0   0   0   0
0                   0                      0                      0                      0                       0                      0                        0                        0                       0   0   0   0   0   0
0                   0                      0                      0                      0                       0                      0                        0                        0                       0   0   0   0   0   0
0                   0                      0                      0                      0                       0                      0                        0                        0                       0   0   0   0   0   0
0   0   0   0   0   0   0   0   0   0   0.03487809620023211    0.03607996671726891      0.03571476943269099      0.03464215001866264      0.033231020969168024
0   0   0   0   0   0   0   0   0   0   0.014593326016547073   0.03687921912582116      0.03828124106532643      0.03818266779159253      0.037364202087326236
0   0   0   0   0   0   0   0   0   0   0                      0.018372585118887452     0.03314730613503421      0.0352704950973673       0.03585325038585087
0   0   0   0   0   0   0   0   0   0   0                      0.0061922756577017235    0.016628669477812594     0.02803950091957151      0.030736289100433765
0   0   0   0   0   0   0   0   0   0   0                      0.0029068816997477667    0.005940162326975637     0.013711101400869015     0.022747381073032834
0   0   0   0   0   0   0   0   0   0   0                      0.0013235606077372482    0.002779830829316278     0.005058149980840909     0.01096470123238663
0   0   0   0   0   0   0   0   0   0   0                      0.0006318755055526918    0.0012508790242641713    0.0023412353969481325    0.004108946793485789
0   0   0   0   0   0   0   0   0   0   0                      0.0002496721133756772    0.0005733358917014955    0.0010413836764842158    0.0018851976826021464
0   0   0   0   0   0   0   0   0   0   0                      0.00010623941314433948   0.0002264793361011362    0.00046854906520993973   0.0008335368781180408
0   0   0   0   0   0   0   0   0   0   0                      4.2786723705449375e-05   9.372600934138445e-05    0.000184122227016065     0.00037016243895517326
0   0   0   0   0   0   0   0   0   0   0                      1.529702743129653e-05    3.627097682559302e-05    7.48173668330049e-05     0.00014487432138089073
0   0   0   0   0   0   0   0   0   0   0                      4.012361908928481e-06    1.2191949706439344e-05   2.8201019681163495e-05   5.810347645586005e-05
0   0   0   0   0   0   0   0   0   0   0                      0                        2.9791891078988775e-06   9.184377280931355e-06    2.156234297724066e-05
0   0   0   0   0   0   0   0   0   0   0                      0                        0                        2.212055627602538e-06    6.916273956068966e-06
0   0   0   0   0   0   0   0   0   0   0                      0                        0                        0                        1.6071348887611916e-06
0   0   0   0   0   0   0   0   0   0   0                      0                        0                        0                        0
0.166666666666667   0.020079614127480206   0.012964293064982082   0.011709628331998475   0.011653134455299096    0.012008345140259268    0.012466941506779117    0.012878581937411744     0.013183998938612785     0.029761571772173565     0                         0                        0                        0                        0
0                   0.0632603289826498     0.01452307765865587    0.009366518320443173   0.008149783306611       0.007868945370791126    0.00791817257762639     0.008091235463227011     0.008293197441803764     0.012741078997382582     0.0059098229115823325     0                        0                        0                        0
0                   0                      0.02401121533795845    0.008132000414017446   0.00552841189524111     0.00483348522343146     0.004657683537573322    0.004674144553268859     0.004771623564944561     0.007046509535890413     0.00952018771107557       0                        0                        0                        0
0                   0                      0                      0.009113744289314971   0.004080895787542171    0.002955817515254068    0.0026336159460450394   0.0025599065487029973    0.0025837360751130066    0.002651718000805081     0.004632509006100616      0                        0                        0                        0
0                   0                      0                      0                      0.0034592307720348594   0.0019263504423498855   0.0014885421159357558   0.0013599622504266592    0.0013402517285430356    0.0018386437751085022    0.002055867199603722      0                        0                        0                        0
0                   0                      0                      0                      0                       0.0013129924599949827   0.0008744151474684634   0.0007197792698381216    0.0006763279925195489    0.0006776790463258104    0.0011001134671532425     0                        0                        0                        0
0                   0                      0                      0                      0                       0                       0.0004983620098261266   0.0003862653870293984    0.00033788321615037416   0.0003270066892914592    0.00042741179363275884    0                        0                        0                        0
0                   0                      0                      0                      0                       0                       0                       0.00018915926816433156   0.0001672486830932554    0.0001550500638662081    0.00019208755515441988    0                        0                        0                        0
0                   0                      0                      0                      0                       0                       0                       0                        7.17976652051572e-05     7.13142722593547e-05     8.339384381991641e-05     0                        0                        0                        0
0                   0                      0                      0                      0                       0                       0                       0                        0                        2.7251663526386305e-05   3.368498858851022e-05     0                        0                        0                        0
0                   0                      0                      0                      0                       0                       0                       0                        0                        0                        1.0343695200022037e-05    0                        0                        0                        0
0                   0                      0                      0                      0                       0                       0                       0                        0                        0                        0                        -8.628854143059129e-08    0                        0                        0
0                   0                      0                      0                      0                       0                       0                       0                        0                        0                        0                         0                       -6.406946546732377e-08    0                        0
0                   0                      0                      0                      0                       0                       0                       0                        0                        0                        0                         0                        0                       -4.7571744025485536e-08   0
0                   0                      0                      0                      0                       0                       0                       0                        0                        0                        0                         0                        0                        0                        0
0                   0                      0                      0                      0                       0                       0                       0                        0                        0                        0                         0                        0                        0                        0
