% Modify expression to add input arguments.
% Example:
%   a = [1 2 3; 4 5 6]; 
%   foo(a);

Queueing_dual
gi_cnt=
     1     2     3     4     5     6     7     8     9    10    11    12    13    14    15    16

File writing
Solver time

Gurobi 6.0.0: optimal solution; objective 1.00055755
2056 simplex iterations
Solved
Hard Constraints  T = 15 , N = 5, h=0.000000000000000 , p=0.400000 ,lam = 1 , B =8.000000, mu_f=0.300000, mu_s=0.100000, beta=0.000400 
 E[N_lost]=0.479465, gamma=0.001000
P12

(:,:,1) =

  Columns 1 through 14

         0         0    0.9948    0.9842    0.0236    0.0483    0.0756    0.0979    0.1136    0.9560    0.0008    0.8612    0.1544    0.9376
    1.0000    1.0000    1.0000    1.0000    1.0000    1.0000    1.0000    1.0000    1.0000    1.0000    1.0000    1.0000    1.0000    1.0000
    1.0000    1.0000    1.0000    1.0000    1.0000    1.0000    1.0000    1.0000    1.0000    1.0000    1.0000    1.0000    1.0000    1.0000
    1.0000    1.0000    1.0000    1.0000    1.0000    1.0000    1.0000    1.0000    1.0000    1.0000    1.0000    1.0000    1.0000    1.0000
         0         0         0         0         0         0         0         0    0.7752    1.0000    1.0000    1.0000    1.0000    1.0000
         0         0         0         0         0         0         0         0         0         0    0.9221    1.0000    1.0000    1.0000

  Column 15

    0.0274
    1.0000
    1.0000
    1.0000
    1.0000
    1.0000


(:,:,2) =

  Columns 1 through 14

    1.0000    1.0000    0.0052    0.0158    0.9764    0.9517    0.9244    0.9021    0.8864    0.0440    0.9992    0.1388    0.8456    0.0624
         0         0         0         0         0         0         0         0         0         0         0         0         0         0
         0         0         0         0         0         0         0         0         0         0         0         0         0         0
         0         0         0         0         0         0         0         0         0         0         0         0         0         0
    1.0000    1.0000    1.0000    1.0000    1.0000    1.0000    1.0000    1.0000    0.2248         0         0         0         0         0
    1.0000    1.0000    1.0000    1.0000    1.0000    1.0000    1.0000    1.0000    1.0000    1.0000    0.0779   -0.0000   -0.0000   -0.0000

  Column 15

    0.9726
         0
         0
         0
         0
         0

% Modify expression to add input arguments.
% Example:
%   a = [1 2 3; 4 5 6]; 
%   foo(a);

Queueing_dual
gi_cnt=
     1     2     3     4     5     6     7     8     9    10    11    12    13    14    15    16

File writing
Solver time
Gurobi 6.0.0: optimal solution; objective 3.513918062
1855 simplex iterations
Solved
Hard Constraints  T = 15 , N = 5, h=0.000000000000000 , p=0.400000 ,lam = 1 , B =8.000000, mu_f=0.300000, mu_s=0.100000, beta=0.523137 
 E[N_lost]=0.525488, gamma=1.000000
P12

(:,:,1) =

  Columns 1 through 14

         0         0    0.9912    0.9697    0.0392    0.0927    0.1840    0.2240    0.2690    0.7955    0.0420    0.6790    0.4466    0.7402
    1.0000    1.0000    1.0000    1.0000    1.0000    1.0000    1.0000    1.0000    1.0000    1.0000    1.0000    1.0000    1.0000    1.0000
    1.0000    1.0000    1.0000    1.0000    1.0000    1.0000    1.0000    0.9969    0.9981    0.9928    0.9956    0.9996    1.0000    1.0000
    1.0000    1.0000    1.0000    1.0000    0.9629    0.9254    0.9535    0.9337    0.9152    0.8983    0.9320    0.9535    0.9690    0.9890
         0         0    0.3420    0.4420    0.4334    0.4136    0.3906    0.5695    0.5567    0.5265    0.6708    0.6421    0.7531    0.8304
         0         0         0         0         0         0         0         0         0         0    0.1641    0.1290    0.3409    0.5700

  Column 15

    0.1566
    1.0000
    1.0000
    1.0000
    0.8832
    0.7428


(:,:,2) =

  Columns 1 through 14

    1.0000    1.0000    0.0088    0.0303    0.9608    0.9073    0.8160    0.7760    0.7310    0.2045    0.9580    0.3210    0.5534    0.2598
         0         0         0         0         0         0         0         0         0         0         0         0         0         0
         0         0         0         0         0         0         0    0.0031    0.0019    0.0072    0.0044    0.0004         0         0
         0         0         0         0    0.0371    0.0746    0.0465    0.0663    0.0848    0.1017    0.0680    0.0465    0.0310    0.0110
    1.0000    1.0000    0.6580    0.5580    0.5666    0.5864    0.6094    0.4305    0.4433    0.4735    0.3292    0.3579    0.2469    0.1696
    1.0000    1.0000    1.0000    1.0000    1.0000    1.0000    1.0000    1.0000    1.0000    1.0000    0.8359    0.8710    0.6591    0.4300

  Column 15

    0.8434
         0
         0
         0
    0.1168
    0.2572

% Modify expression to add input arguments.
% Example:
%   a = [1 2 3; 4 5 6]; 
%   foo(a);

Queueing_dual
gi_cnt=
     1     2     3     4     5     6     7     8     9    10    11    12    13    14    15    16

File writing
Solver time
Gurobi 6.0.0: optimal solution; objective 642.6831465
1871 simplex iterations
Solved
Hard Constraints  T = 15 , N = 5, h=0.000000000000000 , p=0.400000 ,lam = 1 , B =8.000000, mu_f=0.300000, mu_s=0.100000, beta=1.268530 
 E[N_lost]=0.530790, gamma=2.000000
P12

(:,:,1) =

  Columns 1 through 14

         0         0    0.9676    0.8750    0.0775    0.2282    0.7271    0.5195    0.4731    0.3251    0.5203    0.2792    0.5818    0.7830
    1.0000    1.0000    1.0000    1.0000    1.0000    0.9567    0.9615    0.8208    0.8436    0.6800    0.7104    0.7417    1.0000    1.0000
    1.0000    1.0000    1.0000    0.8754    0.8880    0.6899    0.7091    0.5303    0.3773    0.4077    0.3039    0.3298    0.3623    1.0000
    1.0000    0.6268    0.6890    0.4687    0.3252    0.3423    0.2454    0.2683    0.2005    0.1490    0.1663    0.1340    0.1519    0.1674
         0         0         0         0    0.0888    0.0713    0.0503    0.0692    0.0521    0.0669    0.0555    0.0411    0.0555    0.0723
         0         0         0         0         0         0         0         0    0.0078    0.0051    0.0033    0.0108    0.0271    0.0175

  Column 15

    0.4127
    1.0000
    1.0000
    1.0000
    0.1023
    0.0391


(:,:,2) =

  Columns 1 through 14

    1.0000    1.0000    0.0324    0.1250    0.9225    0.7718    0.2729    0.4805    0.5269    0.6749    0.4797    0.7208    0.4182    0.2170
         0         0         0         0         0    0.0433    0.0385    0.1792    0.1564    0.3200    0.2896    0.2583         0         0
         0         0         0    0.1246    0.1120    0.3101    0.2909    0.4697    0.6227    0.5923    0.6961    0.6702    0.6377         0
         0    0.3732    0.3110    0.5313    0.6748    0.6577    0.7546    0.7317    0.7995    0.8510    0.8337    0.8660    0.8481    0.8326
    1.0000    1.0000    1.0000    1.0000    0.9112    0.9287    0.9497    0.9308    0.9479    0.9331    0.9445    0.9589    0.9445    0.9277
    1.0000    1.0000    1.0000    1.0000    1.0000    1.0000    1.0000    1.0000    0.9922    0.9949    0.9967    0.9892    0.9729    0.9825

  Column 15

    0.5873
         0
         0
         0
    0.8977
    0.9609

% Modify expression to add input arguments.
% Example:
%   a = [1 2 3; 4 5 6]; 
%   foo(a);

Queueing_dual
gi_cnt=
     1     2     3     4     5     6     7     8     9    10    11    12    13    14    15    16

File writing
Solver time
Gurobi 6.0.0: optimal solution; objective 0.5150601259
1473 simplex iterations
Solved
Hard Constraints  T = 15 , N = 5, h=0.000000000000000 , p=0.400000 ,lam = 1 , B =0.465542, mu_f=0.300000, mu_s=0.100000, beta=-0.424443 
 E[N_lost]=1.198860, gamma=-2.000000
P12

(:,:,1) =

  Columns 1 through 14

    1.0000    0.0000         0    1.0000    0.9982    0.0041    0.9921    0.9903    0.0002    0.0234    0.0020    0.0313    0.0290    0.0526
    1.0000    1.0000    1.0000    1.0000    1.0000    1.0000    1.0000    1.0000    1.0000    1.0000    1.0000    1.0000    0.0499    0.0890
    1.0000    1.0000    1.0000    1.0000    1.0000    1.0000    1.0000    1.0000    1.0000    1.0000    1.0000    1.0000    1.0000         0
    1.0000    1.0000    1.0000    1.0000    1.0000    1.0000    1.0000    1.0000    1.0000    1.0000    1.0000    1.0000    1.0000    1.0000
    1.0000    1.0000    1.0000    1.0000    1.0000    1.0000    1.0000    1.0000    1.0000    1.0000    1.0000    1.0000    1.0000    1.0000
    1.0000    1.0000    1.0000    1.0000    1.0000    1.0000    1.0000    1.0000    1.0000    1.0000    1.0000    1.0000    1.0000    1.0000

  Column 15

    0.0341
    1.0000
    1.0000
    1.0000
    1.0000
    1.0000


(:,:,2) =

  Columns 1 through 14

         0    1.0000    1.0000    0.0000    0.0018    0.9959    0.0079    0.0097    0.9998    0.9766    0.9980    0.9687    0.9710    0.9474
         0         0         0         0         0         0         0         0   -0.0000   -0.0000   -0.0000         0    0.9501    0.9110
         0         0         0         0         0         0         0         0         0         0         0         0         0    1.0000
         0         0         0         0         0         0         0         0         0         0         0    0.0000    0.0000    0.0000
         0         0         0         0         0         0         0         0         0         0         0         0         0    0.0000
         0         0         0         0         0         0         0         0         0         0         0         0         0         0

  Column 15

    0.9659
         0
         0
         0
         0
         0

% Modify expression to add input arguments.
% Example:
%   a = [1 2 3; 4 5 6]; 
%   foo(a);

Queueing_dual
gi_cnt=
     1     2     3     4     5     6     7     8     9    10    11    12    13    14    15    16

File writing
Solver time
Gurobi 6.0.0: optimal solution; objective 0.5753709934
1398 simplex iterations
Solved
Hard Constraints  T = 15 , N = 5, h=0.000000000000000 , p=0.400000 ,lam = 1 , B =1.197278, mu_f=0.300000, mu_s=0.100000, beta=-0.291487 
 E[N_lost]=1.198925, gamma=-1.000000
P12

(:,:,1) =

  Columns 1 through 14

    1.0000    0.0000         0    1.0000    0.9978    0.0048    0.9905    0.9883    0.0004    0.0285    0.0034    0.0387    0.0338    0.0829
    1.0000    1.0000    1.0000    1.0000    1.0000    1.0000    1.0000    1.0000    1.0000    1.0000    1.0000    1.0000    1.0000    0.9813
    1.0000    1.0000    1.0000    1.0000    1.0000    1.0000    1.0000    1.0000    1.0000    1.0000    1.0000    1.0000    1.0000    0.0068
    1.0000    1.0000    1.0000    1.0000    1.0000    1.0000    1.0000    1.0000    1.0000    1.0000    1.0000    1.0000    1.0000    1.0000
    1.0000    1.0000    1.0000    1.0000    1.0000    1.0000    1.0000    1.0000    1.0000    1.0000    1.0000    1.0000    1.0000    1.0000
    1.0000    1.0000    1.0000    1.0000    1.0000    1.0000    1.0000    1.0000    1.0000    1.0000    1.0000    1.0000    1.0000    1.0000

  Column 15

    0.0621
    0.8946
    0.0656
    0.0490
    1.0000
    1.0000


(:,:,2) =

  Columns 1 through 14

         0    1.0000    1.0000    0.0000    0.0022    0.9952    0.0095    0.0117    0.9996    0.9715    0.9966    0.9613    0.9662    0.9171
         0         0         0         0         0         0         0         0         0   -0.0000   -0.0000         0         0    0.0187
         0         0         0         0         0         0         0         0         0         0         0         0         0    0.9932
         0         0         0         0         0         0         0         0         0         0         0         0    0.0000    0.0000
         0         0         0         0         0         0         0         0         0         0         0         0         0         0
         0         0         0         0         0         0         0         0         0         0         0         0         0         0

  Column 15

    0.9379
    0.1054
    0.9344
    0.9510
         0
         0

% Modify expression to add input arguments.
% Example:
%   a = [1 2 3; 4 5 6]; 
%   foo(a);

Queueing_dual
gi_cnt=
     1     2     3     4     5     6     7     8     9    10    11    12    13    14    15    16

File writing
Solver time
Gurobi 6.0.0: optimal solution; objective 0.6689484654
1462 simplex iterations
Solved
Hard Constraints  T = 15 , N = 5, h=0.000000000000000 , p=0.400000 ,lam = 1 , B =0.642361, mu_f=0.300000, mu_s=0.100000, beta=-0.174117 
 E[N_lost]=1.198928, gamma=-0.510000
P12

(:,:,1) =

  Columns 1 through 14

    1.0000    0.0000         0    1.0000    0.9975    0.0056    0.9887    0.9861    0.0007    0.0341    0.0056    0.0474    0.0395    0.0896
    1.0000    1.0000    1.0000    1.0000    1.0000    1.0000    1.0000    1.0000    1.0000    1.0000    1.0000    1.0000    0.0759    1.0000
    1.0000    1.0000    1.0000    1.0000    1.0000    1.0000    1.0000    1.0000    1.0000    1.0000    1.0000    1.0000    1.0000         0
    1.0000    1.0000    1.0000    1.0000    1.0000    1.0000    1.0000    1.0000    1.0000    1.0000    1.0000    1.0000    1.0000    1.0000
    1.0000    1.0000    1.0000    1.0000    1.0000    1.0000    1.0000    1.0000    1.0000    1.0000    1.0000    1.0000    1.0000    1.0000
    1.0000    1.0000    1.0000    1.0000    1.0000    1.0000    1.0000    1.0000    1.0000    1.0000    1.0000    1.0000    1.0000    1.0000

  Column 15

    0.0667
    1.0000
    0.1356
    1.0000
    1.0000
    1.0000


(:,:,2) =

  Columns 1 through 14

         0    1.0000    1.0000    0.0000    0.0025    0.9944    0.0113    0.0139    0.9993    0.9659    0.9944    0.9526    0.9605    0.9104
         0         0         0         0         0         0         0         0         0         0         0         0    0.9241         0
         0         0         0         0         0         0         0         0         0         0         0         0         0    1.0000
         0         0         0         0         0         0         0         0         0         0         0         0         0         0
         0         0         0         0         0         0         0         0         0         0         0         0         0         0
         0         0         0         0         0         0         0         0         0         0         0         0         0         0

  Column 15

    0.9333
         0
    0.8644
         0
         0
         0

% Modify expression to add input arguments.
% Example:
%   a = [1 2 3; 4 5 6]; 
%   foo(a);

Queueing_dual
gi_cnt=
     1     2     3     4     5     6     7     8     9    10    11    12    13    14    15    16

File writing
Solver time
Gurobi 6.0.0: optimal solution; objective 642.6831465
1871 simplex iterations
Solved
Hard Constraints  T = 15 , N = 5, h=0.000000000000000 , p=0.400000 ,lam = 1 , B =8.000000, mu_f=0.300000, mu_s=0.100000, beta=1.268530 
 E[N_lost]=0.530790, gamma=2.000000
P12

(:,:,1) =

  Columns 1 through 14

         0         0    0.9676    0.8750    0.0775    0.2282    0.7271    0.5195    0.4731    0.3251    0.5203    0.2792    0.5818    0.7830
    1.0000    1.0000    1.0000    1.0000    1.0000    0.9567    0.9615    0.8208    0.8436    0.6800    0.7104    0.7417    1.0000    1.0000
    1.0000    1.0000    1.0000    0.8754    0.8880    0.6899    0.7091    0.5303    0.3773    0.4077    0.3039    0.3298    0.3623    1.0000
    1.0000    0.6268    0.6890    0.4687    0.3252    0.3423    0.2454    0.2683    0.2005    0.1490    0.1663    0.1340    0.1519    0.1674
         0         0         0         0    0.0888    0.0713    0.0503    0.0692    0.0521    0.0669    0.0555    0.0411    0.0555    0.0723
         0         0         0         0         0         0         0         0    0.0078    0.0051    0.0033    0.0108    0.0271    0.0175

  Column 15

    0.4127
    1.0000
    1.0000
    1.0000
    0.1023
    0.0391


(:,:,2) =

  Columns 1 through 14

    1.0000    1.0000    0.0324    0.1250    0.9225    0.7718    0.2729    0.4805    0.5269    0.6749    0.4797    0.7208    0.4182    0.2170
         0         0         0         0         0    0.0433    0.0385    0.1792    0.1564    0.3200    0.2896    0.2583         0         0
         0         0         0    0.1246    0.1120    0.3101    0.2909    0.4697    0.6227    0.5923    0.6961    0.6702    0.6377         0
         0    0.3732    0.3110    0.5313    0.6748    0.6577    0.7546    0.7317    0.7995    0.8510    0.8337    0.8660    0.8481    0.8326
    1.0000    1.0000    1.0000    1.0000    0.9112    0.9287    0.9497    0.9308    0.9479    0.9331    0.9445    0.9589    0.9445    0.9277
    1.0000    1.0000    1.0000    1.0000    1.0000    1.0000    1.0000    1.0000    0.9922    0.9949    0.9967    0.9892    0.9729    0.9825

  Column 15

    0.5873
         0
         0
         0
    0.8977
    0.9609

% Modify expression to add input arguments.
% Example:
%   a = [1 2 3; 4 5 6]; 
%   foo(a);

Queueing_dual
gi_cnt=
     1     2     3     4     5     6     7     8     9    10    11    12    13    14    15    16

File writing
Solver time
Gurobi 6.0.0: optimal solution; objective 1.000000021
1455 simplex iterations
Solved
Hard Constraints  T = 15 , N = 5, h=0.000000000000000 , p=0.400000 ,lam = 1 , B =8.000000, mu_f=0.300000, mu_s=0.100000, beta=0.000000 
 E[N_lost]=0.974161, gamma=0.000000
P12

(:,:,1) =

  Columns 1 through 14

         0         0    0.9998    0.9970    0.0055    0.0179    0.0341    0.0491    0.0800    0.9432    0.0066    0.8418    0.2582    0.8465
    1.0000    1.0000    0.9998    0.0072    0.9768    0.0048    0.0124    0.9292    0.9283    0.9091    0.9220    0.8700    0.8580    1.0000
    1.0000    1.0000    0.9840    0.9700    0.0292    0.9195    0.0163    0.0789    0.9813    0.8288    0.7976    0.7691         0         0
    1.0000    1.0000    1.0000    1.0000    1.0000    0.1590    0.8136    0.1398    0.2263    0.8468    0.7706    0.7063         0    0.6019
    1.0000    1.0000    1.0000    1.0000    1.0000    1.0000    0.4283    0.8740    0.6160    0.6160    0.9072    0.7498    0.6358    0.5277
    1.0000    1.0000    1.0000    1.0000    1.0000    1.0000    1.0000    0.9414    1.0000    1.0000    1.0000    1.0000    1.0000    0.9448

  Column 15

    0.0717
    1.0000
    1.0000
    1.0000
    1.0000
    1.0000


(:,:,2) =

  Columns 1 through 14

    1.0000    1.0000    0.0002    0.0030    0.9945    0.9821    0.9659    0.9509    0.9200    0.0568    0.9934    0.1582    0.7418    0.1535
         0         0    0.0002    0.9928    0.0232    0.9952    0.9876    0.0708    0.0717    0.0909    0.0780    0.1300    0.1420         0
         0         0    0.0160    0.0300    0.9708    0.0805    0.9837    0.9211    0.0187    0.1712    0.2024    0.2309    1.0000    1.0000
         0         0         0         0         0    0.8410    0.1864    0.8602    0.7737    0.1532    0.2294    0.2937    1.0000    0.3981
         0         0         0         0         0         0    0.5717    0.1260    0.3840    0.3840    0.0928    0.2502    0.3642    0.4723
         0         0         0         0         0         0         0    0.0586         0         0         0         0         0    0.0552

  Column 15

    0.9283
         0
         0
         0
         0
         0

% Modify expression to add input arguments.
% Example:
%   a = [1 2 3; 4 5 6]; 
%   foo(a);

Queueing_dual
gi_cnt=
     1     2     3     4     5     6     7     8     9    10    11    12    13    14    15    16

File writing
Solver time
Gurobi 6.0.0: optimal solution; objective 1.000002022
1516 simplex iterations
Solved
Hard Constraints  T = 15 , N = 5, h=0.000000000000000 , p=0.400000 ,lam = 1 , B =8.000000, mu_f=0.300000, mu_s=0.100000, beta=0.000001 
 E[N_lost]=0.948269, gamma=0.000002
P12

(:,:,1) =

  Columns 1 through 14

         0         0    0.9988    0.9960    0.0101    0.0233    0.0554    0.0703    0.0938    0.9687    0.0058    0.9013    0.1326    0.9131
    1.0000    1.0000         0         0    0.9771    0.9693    0.0134    0.9215    0.0793    0.1469    0.0852    0.9562    0.8358    1.0000
    1.0000    1.0000    1.0000    0.0079    0.0012    0.9227    0.9034    0.9162    0.9038    0.0726    0.0873    0.0800    0.0404    0.7067
    1.0000    1.0000    1.0000    0.9861    0.1529    0.1003    0.8793    0.8934    0.7954    0.8882    0.1031    0.1709    0.5713    0.6044
    1.0000    0.2447    1.0000    1.0000    1.0000    1.0000    0.5672    1.0000    1.0000    1.0000    1.0000    0.9290    0.6150    0.9403
    0.6433    1.0000    1.0000    1.0000    1.0000    1.0000    1.0000    1.0000    1.0000    1.0000    1.0000    1.0000    1.0000    1.0000

  Column 15

    0.0674
    1.0000
    1.0000
    1.0000
    1.0000
    1.0000


(:,:,2) =

  Columns 1 through 14

    1.0000    1.0000    0.0012    0.0040    0.9899    0.9767    0.9446    0.9297    0.9062    0.0313    0.9942    0.0987    0.8674    0.0869
         0         0    1.0000    1.0000    0.0229    0.0307    0.9866    0.0785    0.9207    0.8531    0.9148    0.0438    0.1642         0
         0         0         0    0.9921    0.9988    0.0773    0.0966    0.0838    0.0962    0.9274    0.9127    0.9200    0.9596    0.2933
         0         0         0    0.0139    0.8471    0.8997    0.1207    0.1066    0.2046    0.1118    0.8969    0.8291    0.4287    0.3956
         0    0.7553         0         0         0         0    0.4328         0         0         0         0    0.0710    0.3850    0.0597
    0.3567         0         0         0         0         0         0         0         0         0         0         0         0         0

  Column 15

    0.9326
         0
         0
         0
         0
         0

% Modify expression to add input arguments.
% Example:
%   a = [1 2 3; 4 5 6]; 
%   foo(a);

Queueing_dual
gi_cnt=
     1     2     3     4     5     6     7     8     9    10    11    12    13    14    15    16

File writing
Solver time
Gurobi 6.0.0: optimal solution; objective 1.001116256
2085 simplex iterations
Solved
Hard Constraints  T = 15 , N = 5, h=0.000000000000000 , p=0.400000 ,lam = 1 , B =8.000000, mu_f=0.300000, mu_s=0.100000, beta=0.000800 
 E[N_lost]=0.479527, gamma=0.002000
P12

(:,:,1) =

  Columns 1 through 14

         0         0    0.9948    0.9842    0.0236    0.0483    0.0757    0.0979    0.1136    0.9557    0.0009    0.8661    0.1492    0.9352
    1.0000    1.0000    1.0000    1.0000    1.0000    1.0000    1.0000    1.0000    1.0000    1.0000    1.0000    1.0000    1.0000    1.0000
    1.0000    1.0000    1.0000    1.0000    1.0000    1.0000    1.0000    1.0000    1.0000    1.0000    1.0000    1.0000    1.0000    1.0000
    1.0000    1.0000    1.0000    1.0000    1.0000    1.0000    1.0000    1.0000    1.0000    1.0000    1.0000    1.0000    1.0000    1.0000
         0         0         0         0         0         0         0         0    0.9446    1.0000    1.0000    1.0000    1.0000    1.0000
         0         0         0         0         0         0         0         0         0         0    0.6737    1.0000    1.0000    1.0000

  Column 15

    0.0285
    1.0000
    1.0000
    1.0000
    1.0000
    1.0000


(:,:,2) =

  Columns 1 through 14

    1.0000    1.0000    0.0052    0.0158    0.9764    0.9517    0.9243    0.9021    0.8864    0.0443    0.9991    0.1339    0.8508    0.0648
         0         0         0         0         0         0         0         0         0         0         0         0         0         0
         0         0         0         0         0         0         0         0         0         0         0         0         0         0
         0         0         0         0         0         0         0         0         0         0         0         0         0         0
    1.0000    1.0000    1.0000    1.0000    1.0000    1.0000    1.0000    1.0000    0.0554         0         0         0         0         0
    1.0000    1.0000    1.0000    1.0000    1.0000    1.0000    1.0000    1.0000    1.0000    1.0000    0.3263   -0.0000   -0.0000   -0.0000

  Column 15

    0.9715
         0
         0
         0
         0
         0

exit
