y1 [*,*,0]
:           0                    1                     2                     3                       4                       5                       6                       7                       8                      9                       10                     11                    12                     13                     14             :=
0   0                   0                     0.07893344532661599   0.059389047597858104   0.0011449928238420211   0.0019703607491177314   0.0027011868606583505   0.0031541689137065698   0.0033815668017655497   0.026378663711123764   2.4156995687715207e-05   0.02073505094406309   0.0033334737774243    0.019530070689763687   0.000557142739160316
1   0.166666666666667   0.19104624434369802   0.18823098274080463   0.17813087397284066    0.16725201410617777     0.1576248103081158      0.1497177064273844      0.1434556426962574      0.13859618880709196     0.13000866304933179    0.1216290481644737       0.11377676834364589   0.10650362617769786   0.09995671054160206    0.09414671651621741
2   0.166666666666667   0.2149264420831302    0.2554040109185957    0.2788858337342753     0.2903543607608094      0.295008404994035       0.2962113169290989      0.29584456535381287     0.2948806179880502      0.2740233564157622     0.2572526082227821       0.24214371240702645   0.22802825740068178   0.21587785170119878    0.20556845583488786
3   0.166666666666667   0.23485162581621397   0.2698804551054655    0.29245042273537847    0.3083454220250867      0.31984279575277896     0.3282254707874358      0.33436114231859526     0.33886807416903797     0.3178597268589236     0.30850533004068176      0.2972028289417553    0.28487904243515855   0.275657210975459      0.26872436504906944
4   0                   0                     0                     0                      0                       0                       0                       0                       0.1575933366227859      0.19560765614457795    0.21393289098676038      0.22063235057307767   0.22414275418039786   0.22926135709904816    0.23448569120344134
5   0                   0                     0                     0                      0                       0                       0                       0                       0                       0                      0.049471422216779186     0.10280437207228264   0.13468784164420425   0.15905377039398494    0.17832775219101832

 [*,*,1]
:           0                    1                      2                       3                      4                     5                      6                      7                      8                       9                      10                      11                       12                       13                      14             :=
0   0.166666666666667   0.11107632863237143   0.00041485028416254357   0.000952854363232509   0.04733629563562494   0.03884242972200523    0.032999158710293124   0.02904820678077904    0.02637588617864968    0.0012216492603090853   0.025660942984401212    0.0032056330543399287    0.019008024228462466     0.0013538899894002762    0.01900806059102532
1   0                   0                     0                        0                      0                     0                      0                      0                      0                      0                       0                       0                        0                        0                        0
2   0                   0                     0                        0                      0                     0                      0                      0                      0                      0                       0                       0                        0                        0                        0
3   0                   0                     0                        0                      0                     0                      0                      0                      0                      0                       0                       0                        0                        0                        0
4   0.166666666666667   0.16489288277005865   0.15583787498927457      0.15211052176235418    0.15296759214449063   0.15610371951430496    0.1599306341264759     0.16362490057413476    0.009250637373424998   0                       0                       0                        0                        0                        0
5   0.166666666666667   0.08333994311013      0.0514985860615964       0.03832189135577407    0.03287145621672824   0.030905936152080787   0.030537732841254214   0.030859034678069122   0.03142606530598549    0.05529782381662936     0.02396542217191111    -8.628854143059129e-08   -6.406946546732377e-08   -4.7571744025485536e-08   0
;

